20.489907
20.342132
20.222126
20.075544
19.908497
19.737924
19.609749
19.463122
19.311600
19.102849
18.897458
18.664988
18.492239
18.315725
18.085504
17.927000
17.739616
17.477474
17.177098
16.958019
16.748406
16.538604
16.334467
16.118819
15.848923
15.560046
15.309998
15.057483
14.823089
14.634290
14.423748
14.144833
13.810194
13.664146
13.417858
13.114781
12.821590
12.558343
12.321145
12.096081
11.861884
11.581460
11.387882
11.172377
10.922592
10.773435
10.636597
10.423121
10.243438
10.058783
9.860576
9.704255
9.490003
9.277917
9.090360
8.924060
8.723581
8.534355
8.382961
8.243494
8.076686
7.920843
7.775492
7.595265
7.425840
7.218811
7.062434
6.880030
6.754032
6.639323
6.526088
6.412316
6.272585
6.175630
6.071683
5.945616
5.857650
5.796431
5.686180
5.591444
5.488502
5.387525
5.285726
5.205632
5.106217
5.023759
4.958125
4.874797
4.775204
4.692711
4.644419
4.602774
4.544826
4.462854
4.400226
4.325339
4.245968
4.180105
4.118404
4.050614
3.991824
3.923610
3.871194
3.823885
3.776682
3.741555
3.696560
3.634747
3.575044
3.514375
3.473184
3.429054
3.384910
3.332794
3.281237
3.231957
3.183786
3.120072
3.069480
3.017163
2.964790
2.919073
2.876118
2.831035
2.789460
2.741296
2.691198
2.643077
2.592725
2.563137
2.511843
2.454592
2.410030
2.354690
2.307805
2.262815
2.227739
2.180085
2.133927
2.092314
2.049456
2.008811
1.960280
1.911644
1.864732
1.814413
1.772505
1.743116
1.688553
1.641186
1.600095
1.543340
1.505285
1.471143
1.424480
1.391448
1.350552
1.312217
1.275577
1.238055
1.199088
1.157758
1.119205
1.075313
1.030852
0.986110
0.934379
0.904818
0.880908
0.850275
0.817901
0.782238
0.750170
0.718808
0.687202
0.647754
0.618381
0.591312
0.571804
0.545868
0.523558
0.498431
0.481908
0.470543
0.455522
0.437219
0.424444
0.408962
0.394499
0.381811
0.368909
0.355855
0.341116
0.325268
0.312623
0.295433
0.282920
0.271675
0.260057
0.251344
0.241975
0.234807
0.229375
0.221801
0.213580
0.205311
0.198002
0.192401
0.186452
0.178124
0.172423
0.165369
0.159231
0.154921
0.150698
0.145669
0.140638
0.137153
0.133173
0.129104
0.126570
0.122946
0.119616
0.116092
0.112328
0.109192
0.106284
0.103212
0.100658
0.098163
0.094121
0.092001
0.089715
0.087644
0.084907
0.082589
0.081472
0.079290
0.078201
0.076861
0.075269
0.073797
0.072201
0.070235
0.069201
0.068044
0.066806
0.065650
0.064810
0.063822
0.062742
0.061290
0.059140
0.057899
0.056783
0.055837
0.054565
0.054017
0.053429
0.052554
0.051957
0.050886
0.050455
0.049989
0.049344
0.048344
0.047175
0.046510
0.045675
0.045057
0.044256
0.043758
0.043251
0.042815
0.042369
0.041924
0.041424
0.040859
0.040415
0.039983
0.039384
0.038781
0.038270
0.037861
0.037315
0.036957
0.036572
0.036286
0.035947
0.035669
0.035397
0.035175
0.034930
0.034569
0.034377
0.034139
0.033988
0.033733
0.033429
0.033222
0.033004
0.032756
0.032517
0.032152
0.031916
0.031700
0.031501
0.031348
0.031184
0.031036
0.030816
0.030694
0.030491
0.030316
0.030203
0.030001
0.029824
0.029677
0.029151
0.028702
0.028598
0.028424
0.028286
0.028129
0.027634
0.027570
0.027342
0.027227
0.027148
0.027020
0.026579
0.026377
0.026310
0.026259
0.025832
0.025424
0.025240
0.025108
0.025022
0.024830
0.024656
0.024557
0.024438
0.024398
0.024362
0.024139
0.024112
0.024037
0.023974
0.023930
0.023898
0.023777
0.023745
0.023609
0.023438
0.023382
0.023368
0.023346
0.023308
0.023264
0.023107
0.023079
0.023055
0.023019
0.023002
0.022923
0.022919
0.022910
0.022791
0.022766
0.022663
0.022585
0.022574
0.022562
0.022553
0.022542
0.022529
0.022525
0.022456
0.022373
0.022249
0.022223
0.022212
0.022155
0.022144
0.022113
0.022060
0.022047
0.022041
0.022035
0.022028
0.022027
0.022007
0.021969
0.021958
0.021951
0.021945
0.021904
0.021900
0.021898
0.021895
0.021880
0.021850
0.021831
0.021806
0.021803
0.021802
0.021801
0.021800
0.021798
0.021794
0.021794
0.021794
0.021792
0.021789
0.021788
0.021788
0.021785
0.021782
0.021781
0.021780
0.021779
0.021777
0.021776
0.021775
0.021775
0.021773
0.021772
0.021772
0.021772
0.021772
0.021771
0.021770
0.021769
0.021769
0.021769
0.021769
0.021768
0.021768
0.021768
0.021768
0.021767
0.021767
0.021767
0.021767
0.021766
0.021766
0.021766
0.021765
0.021765
0.021765
0.021765
0.021765
0.021764
0.021764
0.021764
0.021764
0.021764
0.021764
0.021764
0.021764
0.021764
0.021764
0.021764
0.021761
0.021754
0.021753
0.021753
0.021750
0.021749
0.021749
0.021741
0.021721
0.021721
0.021709
0.021709
0.021690
0.021686
0.021679
0.021679
0.021675
0.021672
0.021671
0.021671
0.021671
0.021671
0.021671
0.021671
0.021671
0.021671
0.021671
0.021671
0.021671
0.021671
0.021671
0.021671
0.021671
0.021671
0.021671
0.021671
0.021671
0.021671
0.021671
0.021671
0.021671
0.021671
0.021671
0.021671
0.021671
0.021671
0.021671
0.021671
0.021671
0.021671
0.021671
0.021670
0.021670
0.021670
0.021670
0.021670
0.021670
0.021670
0.021670
0.021670
0.021670
0.021670
0.021670
0.021670
0.021670
0.021670
0.021670
0.021670
0.021670
0.021670
0.021670
0.021670
0.021670
0.021670
0.021670
0.021670
0.021670
0.021670
0.021670
0.021670
0.021670
0.021670
0.021670
0.021670
0.021587
0.021543
0.021523
0.021512
0.021448
0.021399
0.021252
0.021252
0.021185
0.021185
0.021171
0.021107
0.021104
0.021096
0.021077
0.021011
0.021011
0.021011
0.020908
0.020879
0.020879
0.020879
0.020799
0.020738
0.020730
0.020730
0.020671
0.020671
0.020651
0.020634
0.020621
0.020606
0.020605
0.020605
0.020605
0.020563
0.020563
0.020557
0.020529
0.020529
0.020529
0.020529
0.020529
0.020495
0.020443
0.020396
0.020389
0.020341
0.020300
0.020300
0.020300
0.020300
0.020273
0.020264
0.020253
0.020237
0.020222
0.020210
0.020184
0.020166
0.020154
0.020154
0.020154
0.020154
0.020154
0.020154
0.020154
0.020154
0.020154
0.020154
0.020154
0.020154
0.020154
0.020154
0.020154
0.020154
0.020150
0.020148
0.020143
0.020139
0.020139
0.020139
0.020139
0.020139
0.020139
0.020139
0.020139
0.020139
0.020138
0.020138
0.020133
0.020132
0.020132
0.020129
0.020125
0.020125
0.020125
0.020125
0.020123
0.020123
0.020123
0.020123
0.020123
0.020117
0.020116
0.020114
0.020114
0.020111
0.020109
0.020108
0.020108
0.020108
0.020108
0.020108
0.020108
0.020108
0.020108
0.020108
0.020108
0.020108
0.020108
0.020108
0.020108
0.020108
0.020108
0.020108
0.020108
0.020108
0.020108
0.020108
0.020108
0.020108
0.020108
0.020108
0.020108
0.020108
0.020108
0.020108
0.020108
0.020108
0.020108
0.020108
0.020108
0.020108
0.020108
0.020108
0.020108
0.020108
0.020108
0.020108
0.020108
0.020108
0.020108
0.020108
0.020108
0.020108
0.020108
0.020108
0.020108
0.020108
0.020108
0.020108
0.020108
0.020108
0.020108
0.020108
0.020108
0.020108
0.020108
0.020108
0.020108
0.020078
0.020078
0.020078
0.020078
0.020057
0.020057
0.019966
0.019882
0.019863
0.019801
0.019801
0.019776
0.019765
0.019746
0.019646
0.019582
0.019531
0.019451
0.019419
0.019380
0.019368
0.019362
0.019344
0.019313
0.019313
0.019296
0.019294
0.019275
0.019270
0.019252
0.019226
0.019216
0.019193
0.019184
0.019168
0.019149
0.019149
0.019134
0.019108
0.019104
0.019086
0.019067
0.019067
0.019059
0.019050
0.019046
0.019042
0.019036
0.019036
0.019036
0.019022
0.019007
0.018990
0.018982
0.018977
0.018971
0.018971
0.018963
0.018963
0.018957
0.018951
0.018937
0.018929
0.018917
0.018911
0.018903
0.018896
0.018894
0.018883
0.018878
0.018871
0.018468
0.017760
0.017756
0.017322
0.017311
0.017213
0.016991
0.016434
0.016133
0.016133
0.016131
0.016071
0.016065
0.016051
0.015858
0.015771
0.015767
0.015555
0.015219
0.014767
0.014261
0.014231
0.014221
0.014118
0.013980
0.013953
0.013830
0.013775
0.013767
0.013450
0.013424
0.013370
0.013286
0.013256
0.013247
0.013241
0.013239
0.013239
0.013235
0.013159
0.013154
0.012998
0.012869
0.012858
0.012820
0.012763
0.012724
0.012628
0.012497
0.012469
0.012424
0.012356
0.012352
0.012319
0.012318
0.012232
0.012175
0.012010
0.011886
0.011867
0.011848
0.011780
0.011778
0.011736
0.011724
0.011670
0.011543
0.011537
0.011483
0.011468
0.011435
0.011402
0.011345
0.011332
0.011310
0.011250
0.011160
0.011152
0.011047
0.011021
0.010981
0.010899
0.010864
0.010781
0.010728
0.010646
0.010625
0.010596
0.010565
0.010536
0.010532
0.010479
0.010408
0.010306
0.010298
0.010260
0.010228
0.010173
0.010144
0.010121
0.009957
0.009865
0.009840
0.009803
0.009734
0.009714
0.009638
0.009618
0.009547
0.009500
0.009472
0.009448
0.009354
0.009336
0.009252
0.009206
0.009097
0.008963
0.008896
0.008843
0.008799
0.008792
0.008738
0.008683
0.008650
0.008632
0.008542
0.008459
0.008431
0.008416
0.008385
0.008385
0.008338
0.008310
0.008217
0.008166
0.008123
0.008069
0.008047
0.008035
0.007983
0.007921
0.007910
0.007863
0.007854
0.007802
0.007789
0.007769
0.007745
0.007737
0.007723
0.007694
0.007668
0.007655
0.007633
0.007625
0.007621
0.007615
0.007600
0.007587
0.007581
0.007578
0.007571
0.007567
0.007550
0.007547
0.007540
0.007519
0.007486
0.007476
0.007468
0.007399
0.007326
0.007312
0.007256
0.007254
0.007241
0.007180
0.007169
0.007163
0.007162
0.007153
0.007072
0.007050
0.007005
0.006985
0.006957
0.006953
0.006926
0.006922
0.006905
0.006853
0.006818
0.006802
0.006785
0.006765
0.006741
0.006734
0.006727
0.006709
0.006697
0.006693
0.006691
0.006687
0.006674
0.006663
0.006642
0.006620
0.006613
0.006612
0.006611
0.006607
0.006604
0.006596
0.006580
0.006575
0.006569
0.006567
0.006566
0.006566
0.006565
0.006562
0.006553
0.006549
0.006545
0.006545
0.006544
0.006537
0.006533
0.006532
0.006527
0.006521
0.006510
0.006500
0.006488
0.006486
0.006485
0.006471
0.006470
0.006470
0.006470
0.006469
0.006469
0.006469
0.006468
0.006467
0.006466
0.006466
0.006463
0.006461
0.006459
0.006458
0.006458
0.006443
0.006434
0.006424
0.006420
0.006420
0.006420
0.006417
0.006417
0.006417
0.006415
0.006413
0.006413
0.006411
0.006411
0.006411
0.006411
0.006411
0.006411
0.006410
0.006409
0.006407
0.006403
0.006403
0.006403
0.006403
0.006403
0.006402
0.006402
0.006354
0.006354
0.006352
0.006332
0.006327
0.006327
0.006327
0.006327
0.006323
0.006301
0.006301
0.006301
0.006253
0.006227
0.006199
0.006199
0.006198
0.006198
0.006174
0.006155
0.006130
0.006120
0.006113
0.006111
0.006093
0.006077
0.006065
0.006065
0.006061
0.006059
0.006029
0.006023
0.005990
0.005968
0.005965
0.005961
0.005958
0.005954
0.005954
0.005952
0.005949
0.005945
0.005941
0.005920
0.005892
0.005887
0.005847
0.005844
0.005831
0.005829
0.005811
0.005784
0.005764
0.005756
0.005730
0.005721
0.005713
0.005703
0.005696
0.005689
0.005688
0.005684
0.005684
0.005682
0.005676
0.005671
0.005671
0.005671
0.005668
0.005660
0.005657
0.005654
0.005654
0.005653
0.005648
0.005647
0.005645
0.005645
0.005645
0.005641
0.005633
0.005621
0.005617
0.005611
0.005608
0.005601
0.005599
0.005597
0.005596
0.005596
0.005596
0.005590
0.005590
0.005590
0.005589
0.005580
0.005577
0.005577
0.005577
0.005577
0.005576
0.005576
0.005576
0.005574
0.005572
0.005570
0.005564
0.005562
0.005562
0.005559
0.005555
0.005553
0.005550
0.005546
0.005540
0.005537
0.005535
0.005533
0.005528
0.005525
0.005522
0.005486
0.005485
0.005396
0.005372
0.005366
0.005337
0.005331
0.005326
0.005290
0.005288
0.005288
0.005279
0.005268
0.005208
0.005178
0.005166
0.005050
0.005021
0.004998
0.004987
0.004922
0.004891
0.004822
0.004780
0.004775
0.004765
0.004758
0.004754
0.004719
0.004712
0.004700
0.004676
0.004613
0.004594
0.004562
0.004555
0.004541
0.004475
0.004466
0.004463
0.004456
0.004450
0.004448
0.004442
0.004440
0.004438
0.004434
0.004434
0.004433
0.004431
0.004428
0.004424
0.004418
0.004416
0.004415
0.004412
0.004403
0.004389
0.004382
0.004369
0.004368
0.004366
0.004354
0.004337
0.004330
0.004329
0.004317
0.004315
0.004313
0.004313
0.004309
0.004304
0.004303
0.004289
0.004280
0.004272
0.004267
0.004250
0.004245
0.004218
0.004205
0.004201
0.004192
0.004172
0.004169
0.004168
0.004160
0.004133
0.004130
0.004118
0.004112
0.004110
0.004099
0.004095
0.004082
0.004082
0.004081
0.004080
0.004075
0.004075
0.004075
0.004075
0.004075
0.004075
0.004075
0.004075
0.004075
0.004074
0.004074
0.004074
0.004074
0.004074
0.004074
0.004074
0.004074
0.004074
0.004074
0.004074
0.004074
0.004074
0.004074
0.004074
0.004074
0.004074
0.004074
0.004074
0.004074
0.004074
0.004074
0.004073
0.004072
0.004072
0.004064
0.004060
0.004052
0.004051
0.004048
0.004048
0.004045
0.004044
0.004043
0.004043
0.004042
0.004042
0.004040
0.004037
0.004027
0.004020
0.004010
0.004005
0.004002
0.003999
0.003998
0.003970
0.003952
0.003937
0.003902
0.003877
0.003834
0.003822
0.003780
0.003762
0.003727
0.003714
0.003697
0.003687
0.003646
0.003602
0.003585
0.003563
0.003557
0.003557
0.003551
0.003524
0.003488
0.003477
0.003466
0.003428
0.003386
0.003369
0.003354
0.003349
0.003291
0.003276
0.003238
0.003198
0.003153
0.003149
0.003106
0.003067
0.003046
0.003032
0.003024
0.003004
0.002997
0.002986
0.002979
0.002951
0.002942
0.002919
0.002918
0.002910
0.002898
0.002891
0.002869
0.002862
0.002851
0.002850
0.002845
0.002837
0.002833
0.002815
0.002814
0.002806
0.002797
0.002796
0.002794
0.002789
0.002783
0.002774
0.002762
0.002755
0.002753
0.002746
0.002745
0.002742
0.002739
0.002738
0.002738
0.002737
0.002734
0.002728
0.002720
0.002714
0.002709
0.002708
0.002702
0.002701
0.002699
0.002696
0.002695
0.002695
0.002693
0.002693
0.002692
0.002691
0.002680
0.002678
0.002678
0.002677
0.002667
0.002662
0.002660
0.002654
0.002653
0.002644
0.002640
0.002633
0.002630
0.002624
0.002619
0.002613
0.002608
0.002603
0.002602
0.002599
0.002594
0.002590
0.002588
0.002586
0.002585
0.002585
0.002581
0.002580
0.002578
0.002576
0.002576
0.002575
0.002574
0.002573
0.002572
0.002570
0.002568
0.002567
0.002565
0.002559
0.002551
0.002546
0.002542
0.002541
0.002540
0.002533
0.002532
0.002529
0.002524
0.002518
0.002517
0.002516
0.002511
0.002511
0.002510
0.002507
0.002498
0.002496
0.002495
0.002494
0.002490
0.002490
0.002486
0.002483
0.002481
0.002481
0.002480
0.002479
0.002478
0.002478
0.002476
0.002475
0.002473
0.002473
0.002472
0.002472
0.002472
0.002472
0.002472
0.002472
0.002472
0.002471
0.002471
0.002471
0.002471
0.002462
0.002461
0.002461
0.002457
0.002456
0.002456
0.002443
0.002442
0.002436
0.002426
0.002424
0.002421
0.002419
0.002410
0.002407
0.002407
0.002401
0.002396
0.002393
0.002393
0.002392
0.002392
0.002377
0.002351
0.002331
0.002314
0.002313
0.002313
0.002306
0.002294
0.002291
0.002286
0.002281
0.002278
0.002274
0.002250
0.002239
0.002229
0.002227
0.002226
0.002226
0.002225
0.002225
0.002223
0.002223
0.002223
0.002210
0.002200
0.002196
0.002193
0.002193
0.002192
0.002191
0.002180
0.002179
0.002177
0.002177
0.002175
0.002173
0.002173
0.002172
0.002171
0.002170
0.002169
0.002169
0.002169
0.002168
0.002167
0.002166
0.002165
0.002165
0.002164
0.002164
0.002164
0.002162
0.002162
0.002162
0.002161
0.002160
0.002159
0.002159
0.002158
0.002158
0.002157
0.002157
0.002156
0.002144
0.002133
0.002133
0.002131
0.002128
0.002128
0.002110
0.002100
0.002098
0.002098
0.002091
0.002086
0.002078
0.002077
0.002066
0.002054
0.002049
0.002048
0.002043
0.002041
0.002040
0.002040
0.002035
0.002027
0.002025
0.002020
0.002018
0.002012
0.002002
0.001993
0.001991
0.001989
0.001987
0.001986
0.001978
0.001974
0.001971
0.001968
0.001962
0.001954
0.001951
0.001949
0.001948
0.001948
0.001947
0.001946
0.001946
0.001945
0.001939
0.001938
0.001937
0.001937
0.001935
0.001931
0.001931
0.001929
0.001927
0.001925
0.001924
0.001923
0.001922
0.001921
0.001918
0.001915
0.001914
0.001911
0.001911
0.001909
0.001909
0.001909
0.001908
0.001907
0.001907
0.001906
0.001906
0.001905
0.001905
0.001904
0.001903
0.001903
0.001903
0.001903
0.001903
0.001902
0.001902
0.001899
0.001895
0.001895
0.001891
0.001869
0.001861
0.001854
0.001846
0.001844
0.001842
0.001839
0.001837
0.001831
0.001830
0.001829
0.001825
0.001825
0.001817
0.001811
0.001793
0.001785
0.001780
0.001773
0.001761
0.001721
0.001714
0.001713
0.001710
0.001687
0.001660
0.001655
0.001630
0.001604
0.001587
0.001576
0.001560
0.001558
0.001553
0.001539
0.001533
0.001515
0.001504
0.001500
0.001498
0.001493
0.001493
0.001493
0.001491
0.001488
0.001486
0.001484
0.001484
0.001484
0.001483
0.001480
0.001478
0.001477
0.001477
0.001474
0.001473
0.001470
0.001469
0.001467
0.001466
0.001466
0.001466
0.001464
0.001463
0.001461
0.001461
0.001461
0.001461
0.001460
0.001459
0.001459
0.001456
0.001456
0.001454
0.001454
0.001453
0.001453
0.001452
0.001451
0.001451
0.001450
0.001449
0.001449
0.001449
0.001446
0.001445
0.001444
0.001442
0.001438
0.001437
0.001437
0.001436
0.001435
0.001434
0.001434
0.001434
0.001434
0.001433
0.001433
0.001433
0.001433
0.001433
0.001433
0.001433
0.001433
0.001432
0.001432
0.001432
0.001432
0.001432
0.001432
0.001432
0.001432
0.001432
0.001432
0.001432
0.001431
0.001431
0.001431
0.001431
0.001431
0.001431
0.001431
0.001431
0.001431
0.001431
0.001431
0.001431
0.001431
0.001430
0.001430
0.001425
0.001421
0.001421
0.001415
0.001411
0.001411
0.001398
0.001398
0.001388
0.001386
0.001379
0.001370
0.001366
0.001365
0.001364
0.001362
0.001361
0.001361
0.001361
0.001361
0.001361
0.001361
0.001361
0.001361
0.001361
0.001361
0.001361
0.001361
0.001361
0.001361
0.001361
0.001361
0.001361
0.001361
0.001361
0.001361
0.001361
0.001361
0.001360
0.001360
0.001360
0.001359
0.001359
0.001357
0.001354
0.001353
0.001352
0.001352
0.001350
0.001350
0.001350
0.001350
0.001350
0.001350
0.001348
0.001347
0.001345
0.001345
0.001344
0.001343
0.001343
0.001343
0.001343
0.001343
0.001341
0.001341
0.001340
0.001339
0.001339
0.001338
0.001338
0.001337
0.001337
0.001332
0.001332
0.001331
0.001327
0.001326
0.001326
0.001324
0.001324
0.001324
0.001324
0.001324
0.001323
0.001323
0.001323
0.001321
0.001319
0.001319
0.001315
0.001312
0.001311
0.001311
0.001309
0.001306
0.001306
0.001302
0.001300
0.001300
0.001300
0.001300
0.001300
0.001300
0.001300
0.001300
0.001300
0.001300
0.001300
0.001300
0.001300
0.001300
0.001300
0.001300
0.001300
0.001300
0.001300
0.001300
0.001300
0.001300
0.001300
0.001300
0.001300
0.001300
0.001300
0.001300
0.001300
0.001300
0.001300
0.001300
0.001300
0.001300
0.001300
0.001300
0.001300
0.001300
0.001300
0.001300
0.001300
0.001300
0.001300
0.001293
0.001293
0.001278
0.001268
0.001235
0.001227
0.001220
0.001214
0.001201
0.001188
0.001188
0.001180
0.001170
0.001162
0.001153
0.001153
0.001149
0.001143
0.001140
0.001132
0.001132
0.001129
0.001128
0.001128
0.001126
0.001126
0.001117
0.001117
0.001116
0.001116
0.001116
0.001115
0.001115
0.001115
0.001114
0.001114
0.001113
0.001113
0.001113
0.001112
0.001112
0.001112
0.001112
0.001112
0.001111
0.001111
0.001111
0.001111
0.001111
0.001111
0.001111
0.001111
0.001111
0.001111
0.001111
0.001111
0.001111
0.001111
0.001111
0.001111
0.001110
0.001110
0.001110
0.001110
0.001110
0.001110
0.001110
0.001103
0.001101
0.001087
0.001087
0.001087
0.001086
0.001086
0.001080
0.001073
0.001073
0.001073
0.001066
0.001064
0.001055
0.001048
0.001042
0.001035
0.001034
0.001032
0.001029
0.001028
0.001028
0.001026
0.001026
0.001022
0.001021
0.001020
0.001016
0.001015
0.001012
0.001007
0.001005
0.001004
0.001003
0.001000
0.001000
0.000999
0.000998
0.000997
0.000997
0.000996
0.000996
0.000994
0.000993
0.000992
0.000992
0.000990
0.000990
0.000990
0.000990
0.000990
0.000990
0.000988
0.000986
0.000984
0.000982
0.000980
0.000979
0.000978
0.000978
0.000978
0.000977
0.000977
0.000977
0.000977
0.000977
0.000977
0.000977
0.000977
0.000977
0.000977
0.000977
0.000977
0.000977
0.000977
0.000977
0.000977
0.000977
0.000977
0.000977
0.000977
0.000977
0.000977
0.000977
0.000977
0.000977
0.000977
0.000977
0.000977
0.000977
0.000977
0.000977
0.000968
0.000962
0.000956
0.000950
0.000947
0.000943
0.000940
0.000936
0.000931
0.000928
0.000925
0.000919
0.000915
0.000915
0.000915
0.000912
0.000910
0.000908
0.000907
0.000907
0.000903
0.000903
0.000903
0.000902
0.000898
0.000896
0.000893
0.000890
0.000878
0.000870
0.000870
0.000870
0.000866
0.000863
0.000859
0.000851
0.000850
0.000843
0.000839
0.000832
0.000829
0.000824
0.000821
0.000818
0.000815
0.000814
0.000813
0.000812
0.000807
0.000807
0.000807
0.000802
0.000797
0.000794
0.000790
0.000789
0.000786
0.000786
0.000783
0.000782
0.000779
0.000778
0.000776
0.000776
0.000774
0.000773
0.000773
0.000772
0.000772
0.000772
0.000771
0.000769
0.000765
0.000764
0.000760
0.000755
0.000754
0.000751
0.000751
0.000751
0.000750
0.000748
0.000748
0.000748
0.000747
0.000744
0.000739
0.000737
0.000735
0.000735
0.000733
0.000733
0.000732
0.000732
0.000731
0.000731
0.000731
0.000730
0.000729
0.000727
0.000727
0.000727
0.000727
0.000727
0.000727
0.000727
0.000726
0.000726
0.000726
0.000726
0.000725
0.000725
0.000724
0.000723
0.000721
0.000721
0.000721
0.000721
0.000721
0.000721
0.000721
0.000721
0.000721
0.000721
0.000721
0.000721
0.000721
0.000721
0.000721
0.000721
0.000721
0.000721
0.000721
0.000721
0.000721
0.000721
0.000721
0.000721
0.000721
0.000721
0.000721
0.000720
0.000720
0.000720
0.000720
0.000720
0.000719
0.000719
0.000710
0.000699
0.000696
0.000687
0.000684
0.000682
0.000680
0.000675
0.000675
0.000675
0.000670
0.000669
0.000669
0.000667
0.000667
0.000659
0.000651
0.000644
0.000640
0.000637
0.000633
0.000632
0.000631
0.000631
0.000628
0.000625
0.000624
0.000624
0.000624
0.000620
0.000618
0.000616
0.000615
0.000614
0.000614
0.000614
0.000611
0.000608
0.000608
0.000607
0.000607
0.000602
0.000601
0.000598
0.000598
0.000598
0.000596
0.000596
0.000595
0.000595
0.000594
0.000593
0.000591
0.000590
0.000588
0.000588
0.000588
0.000588
0.000586
0.000584
0.000583
0.000582
0.000581
0.000580
0.000580
0.000578
0.000578
0.000577
0.000576
0.000576
0.000576
0.000576
0.000575
0.000575
0.000574
0.000573
0.000572
0.000572
0.000572
0.000571
0.000571
0.000571
0.000571
0.000570
0.000570
0.000570
0.000570
0.000570
0.000570
0.000569
0.000569
0.000569
0.000568
0.000568
0.000568
0.000567
0.000567
0.000567
0.000567
0.000567
0.000566
0.000565
0.000565
0.000564
0.000564
0.000564
0.000563
0.000563
0.000562
0.000562
0.000562
0.000562
0.000562
0.000561
0.000561
0.000560
0.000560
0.000559
0.000559
0.000559
0.000559
0.000558
0.000558
0.000558
0.000558
0.000557
0.000557
0.000557
0.000557
0.000557
0.000556
0.000556
0.000555
0.000555
0.000555
0.000554
0.000554
0.000554
0.000553
0.000553
0.000552
0.000552
0.000551
0.000550
0.000549
0.000548
0.000548
0.000548
0.000548
0.000548
0.000547
0.000547
0.000547
0.000547
0.000547
0.000547
0.000547
0.000546
0.000546
0.000546
0.000546
0.000546
0.000545
0.000545
0.000545
0.000545
0.000545
0.000545
0.000545
0.000545
0.000545
0.000545
0.000545
0.000545
0.000545
0.000545
0.000545
0.000545
0.000545
0.000545
0.000545
0.000545
0.000545
0.000544
0.000544
0.000544
0.000544
0.000544
0.000544
0.000544
0.000544
0.000544
0.000544
0.000544
0.000544
0.000544
0.000544
0.000544
0.000544
0.000544
0.000544
0.000544
0.000544
0.000544
0.000544
0.000544
0.000544
0.000544
0.000544
0.000544
0.000544
0.000544
0.000544
0.000544
0.000544
0.000544
0.000544
0.000544
0.000544
0.000544
0.000544
0.000544
0.000544
0.000544
0.000544
0.000544
0.000544
0.000544
0.000544
0.000544
0.000544
0.000544
0.000544
0.000544
0.000544
0.000544
0.000544
0.000544
0.000544
0.000544
0.000543
0.000542
0.000541
0.000540
0.000539
0.000538
0.000537
0.000537
0.000535
0.000535
0.000534
0.000533
0.000533
0.000532
0.000530
0.000529
0.000529
0.000529
0.000529
0.000527
0.000526
0.000525
0.000525
0.000524
0.000524
0.000523
0.000522
0.000522
0.000522
0.000522
0.000521
0.000521
0.000520
0.000520
0.000520
0.000519
0.000519
0.000518
0.000518
0.000518
0.000518
0.000518
0.000517
0.000517
0.000517
0.000517
0.000517
0.000516
0.000516
0.000516
0.000516
0.000516
0.000516
0.000515
0.000515
0.000515
0.000515
0.000515
0.000515
0.000515
0.000515
0.000515
0.000514
0.000514
0.000514
0.000514
0.000514
0.000514
0.000514
0.000514
0.000514
0.000514
0.000513
0.000513
0.000513
0.000513
0.000513
0.000513
0.000512
0.000512
0.000512
0.000512
0.000511
0.000511
0.000510
0.000510
0.000510
0.000510
0.000510
0.000510
0.000510
0.000510
0.000509
0.000509
0.000509
0.000509
0.000509
0.000508
0.000506
0.000506
0.000505
0.000503
0.000502
0.000500
0.000498
0.000498
0.000495
0.000494
0.000493
0.000492
0.000491
0.000491
0.000491
0.000491
0.000490
0.000490
0.000490
0.000490
0.000486
0.000485
0.000483
0.000482
0.000482
0.000481
0.000481
0.000481
0.000480
0.000479
0.000478
0.000477
0.000477
0.000476
0.000476
0.000475
0.000475
0.000475
0.000475
0.000475
0.000475
0.000475
0.000475
0.000475
0.000475
0.000475
0.000475
0.000475
0.000475
0.000475
0.000475
0.000475
0.000475
0.000475
0.000475
0.000475
0.000475
0.000475
0.000475
0.000475
0.000475
0.000475
0.000475
0.000475
0.000475
0.000475
0.000475
0.000475
0.000475
0.000475
0.000475
0.000475
0.000475
0.000475
0.000475
0.000475
0.000475
0.000474
0.000474
0.000474
0.000474
0.000474
0.000474
0.000474
0.000474
0.000474
0.000474
0.000474
0.000474
0.000474
0.000474
0.000474
0.000474
0.000474
0.000474
0.000474
0.000474
0.000474
0.000474
0.000474
0.000474
0.000474
0.000474
0.000474
0.000474
0.000474
0.000474
0.000474
0.000474
0.000474
0.000474
0.000474
0.000474
0.000474
0.000474
0.000474
0.000474
0.000474
0.000474
0.000474
0.000474
0.000474
0.000474
0.000474
0.000474
0.000474
0.000474
0.000474
0.000474
0.000474
0.000474
0.000473
0.000472
0.000472
0.000472
0.000472
0.000472
0.000472
0.000472
0.000471
0.000471
0.000471
0.000470
0.000470
0.000470
0.000469
0.000469
0.000469
0.000468
0.000468
0.000468
0.000468
0.000468
0.000468
0.000468
0.000468
0.000468
0.000468
0.000468
0.000468
0.000468
0.000468
0.000468
0.000468
0.000468
0.000468
0.000468
0.000468
0.000468
0.000468
0.000468
0.000468
0.000468
0.000468
0.000468
0.000468
0.000468
0.000468
0.000468
0.000468
0.000468
0.000468
0.000468
0.000468
0.000468
0.000468
0.000468
0.000468
0.000468
0.000468
0.000468
0.000468
0.000468
0.000468
0.000468
0.000468
0.000468
0.000468
0.000468
0.000468
0.000468
0.000468
0.000468
0.000468
0.000468
0.000468
0.000468
0.000468
0.000468
0.000468
0.000468
0.000468
0.000468
0.000468
0.000468
0.000468
0.000468
0.000468
0.000468
0.000468
0.000468
0.000468
0.000468
0.000468
0.000468
0.000468
0.000468
0.000468
0.000468
0.000468
0.000468
0.000468
0.000468
0.000468
0.000468
0.000468
0.000468
0.000468
0.000468
0.000468
0.000468
0.000468
0.000468
0.000468
0.000468
0.000468
0.000468
0.000468
0.000468
0.000468
0.000468
0.000468
0.000468
0.000468
0.000468
0.000468
0.000468
0.000468
0.000468
0.000468
0.000468
0.000467
0.000466
0.000466
0.000465
0.000465
0.000465
0.000464
0.000464
0.000464
0.000464
0.000464
0.000462
0.000462
0.000462
0.000461
0.000460
0.000460
0.000460
0.000460
0.000460
0.000460
0.000460
0.000460
0.000460
0.000460
0.000460
0.000460
0.000460
0.000460
0.000460
0.000460
0.000460
0.000460
0.000460
0.000460
0.000460
0.000460
0.000460
0.000460
0.000460
0.000460
0.000460
0.000460
0.000460
0.000460
0.000460
0.000460
0.000460
0.000460
0.000460
0.000460
0.000460
0.000460
0.000460
0.000460
0.000460
0.000460
0.000460
0.000460
0.000460
0.000460
0.000460
0.000460
0.000460
0.000460
0.000460
0.000460
0.000460
0.000460
0.000460
0.000460
0.000460
0.000459
0.000457
0.000455
0.000454
0.000453
0.000452
0.000452
0.000452
0.000451
0.000449
0.000449
0.000449
0.000449
0.000449
0.000448
0.000447
0.000447
0.000446
0.000446
0.000445
0.000445
0.000445
0.000445
0.000445
0.000444
0.000444
0.000443
0.000442
0.000442
0.000441
0.000441
0.000441
0.000441
0.000441
0.000440
0.000440
0.000440
0.000439
0.000439
0.000438
0.000436
0.000432
0.000429
0.000428
0.000426
0.000423
0.000422
0.000421
0.000420
0.000419
0.000418
0.000418
0.000418
0.000418
0.000417
0.000417
0.000416
0.000415
0.000415
0.000415
0.000415
0.000415
0.000415
0.000414
0.000412
0.000411
0.000411
0.000411
0.000410
0.000409
0.000409
0.000408
0.000407
0.000407
0.000407
0.000406
0.000405
0.000405
0.000405
0.000405
0.000405
0.000405
0.000405
0.000405
0.000405
0.000405
0.000405
0.000405
0.000405
0.000405
0.000405
0.000405
0.000405
0.000405
0.000405
0.000405
0.000405
0.000402
0.000398
0.000394
0.000385
0.000384
0.000384
0.000383
0.000378
0.000373
0.000373
0.000369
0.000369
0.000364
0.000361
0.000354
0.000351
0.000347
0.000344
0.000341
0.000341
0.000340
0.000336
0.000334
0.000334
0.000332
0.000329
0.000329
0.000328
0.000327
0.000326
0.000326
0.000324
0.000321
0.000321
0.000320
0.000319
0.000319
0.000319
0.000319
0.000319
0.000318
0.000316
0.000316
0.000315
0.000315
0.000314
0.000314
0.000314
0.000313
0.000312
0.000310
0.000310
0.000310
0.000309
0.000308
0.000308
0.000307
0.000306
0.000306
0.000306
0.000306
0.000306
0.000305
0.000304
0.000303
0.000303
0.000302
0.000302
0.000302
0.000302
0.000302
0.000302
0.000301
0.000301
0.000300
0.000300
0.000300
0.000300
0.000300
0.000300
0.000299
0.000299
0.000299
0.000299
0.000299
0.000298
0.000298
0.000298
0.000298
0.000298
0.000298
0.000298
0.000298
0.000298
0.000298
0.000298
0.000298
0.000297
0.000287
0.000287
0.000287
0.000282
0.000279
0.000276
0.000276
0.000275
0.000275
0.000271
0.000270
0.000265
0.000265
0.000264
0.000264
0.000264
0.000264
0.000264
0.000260
0.000257
0.000255
0.000251
0.000249
0.000248
0.000248
0.000248
0.000248
0.000248
0.000246
0.000244
0.000243
0.000242
0.000240
0.000240
0.000240
0.000239
0.000239
0.000239
0.000238
0.000234
0.000234
0.000232
0.000232
0.000231
0.000230
0.000228
0.000226
0.000225
0.000224
0.000223
0.000222
0.000220
0.000219
0.000218
0.000218
0.000218
0.000216
0.000215
0.000215
0.000213
0.000213
0.000213
0.000212
0.000212
0.000211
0.000211
0.000211
0.000210
0.000210
0.000210
0.000209
0.000209
0.000207
0.000207
0.000206
0.000206
0.000206
0.000206
0.000205
0.000205
0.000205
0.000205
0.000204
0.000204
0.000204
0.000204
0.000204
0.000204
0.000204
0.000204
0.000204
0.000204
0.000204
0.000204
0.000204
0.000204
0.000204
0.000204
0.000204
0.000204
0.000204
0.000204
0.000204
0.000204
0.000204
0.000204
0.000204
0.000204
0.000204
0.000204
0.000204
0.000204
0.000204
0.000204
0.000204
0.000204
0.000204
0.000204
0.000204
0.000204
0.000204
0.000204
0.000204
0.000204
0.000204
0.000204
0.000204
0.000204
0.000204
0.000204
0.000204
0.000204
0.000204
0.000204
0.000204
0.000204
0.000204
0.000204
0.000204
0.000204
0.000204
0.000204
0.000204
0.000204
0.000204
0.000204
0.000204
0.000204
0.000204
0.000204
0.000204
0.000204
0.000204
0.000204
0.000204
0.000204
0.000204
0.000204
0.000204
0.000204
0.000204
0.000204
0.000204
0.000204
0.000204
0.000204
0.000204
0.000204
0.000204
0.000204
0.000204
0.000204
0.000204
0.000204
0.000204
0.000204
0.000204
0.000204
0.000204
0.000204
0.000204
0.000204
0.000204
0.000204
0.000204
0.000204
0.000204
0.000204
0.000204
0.000204
0.000204
0.000204
0.000204
0.000204
0.000204
0.000204
0.000204
0.000204
0.000204
0.000204
0.000204
0.000204
0.000204
0.000204
0.000204
0.000204
0.000204
0.000204
0.000204
0.000204
0.000204
0.000204
0.000204
0.000204
0.000204
0.000204
0.000204
0.000204
0.000204
0.000204
0.000204
0.000204
0.000204
0.000204
0.000204
0.000204
0.000204
0.000204
0.000204
0.000204
0.000204
0.000204
0.000204
0.000204
0.000204
0.000204
0.000204
0.000204
0.000204
0.000204
0.000203
0.000203
0.000203
0.000203
0.000203
0.000203
0.000203
0.000203
0.000203
0.000203
0.000203
0.000203
0.000203
0.000203
0.000202
0.000202
0.000202
0.000202
0.000201
0.000201
0.000201
0.000201
0.000201
0.000201
0.000201
0.000201
0.000201
0.000201
0.000200
0.000200
0.000200
0.000200
0.000200
0.000200
0.000199
0.000199
0.000199
0.000199
0.000199
0.000199
0.000199
0.000199
0.000199
0.000198
0.000198
0.000198
0.000198
0.000198
0.000198
0.000198
0.000198
0.000198
0.000198
0.000198
0.000198
0.000198
0.000198
0.000198
0.000196
0.000196
0.000196
0.000196
0.000196
0.000196
0.000195
0.000195
0.000195
0.000195
0.000195
0.000194
0.000194
0.000194
0.000193
0.000193
0.000192
0.000192
0.000192
0.000192
0.000192
0.000192
0.000192
0.000192
0.000192
0.000192
0.000192
0.000192
0.000192
0.000192
0.000192
0.000192
0.000192
0.000192
0.000192
0.000192
0.000192
0.000192
0.000192
0.000192
0.000192
0.000192
0.000192
0.000192
0.000192
0.000192
0.000192
0.000192
0.000192
0.000192
0.000192
0.000192
0.000192
0.000192
0.000192
0.000192
0.000192
0.000192
0.000192
