0.003742
0.007578
0.011454
0.015331
0.019517
0.024054
0.028604
0.032657
0.036958
0.041702
0.045506
0.050008
0.053687
0.057828
0.061724
0.067088
0.070954
0.074630
0.078270
0.082151
0.085752
0.089547
0.093189
0.096908
0.100588
0.104323
0.108057
0.111682
0.115472
0.119021
0.122981
0.126332
0.130383
0.133680
0.137793
0.141206
0.145123
0.148548
0.152636
0.156114
0.160032
0.163531
0.167434
0.170930
0.174805
0.178321
0.182347
0.185773
0.189874
0.193121
0.197075
0.200381
0.204513
0.208034
0.212135
0.215700
0.219319
0.223061
0.226778
0.230310
0.234016
0.237703
0.241446
0.245207
0.249005
0.252755
0.256393
0.260132
0.263846
0.267483
0.271267
0.274827
0.278934
0.282116
0.286292
0.289745
0.293690
0.297150
0.301219
0.304541
0.308644
0.311995
0.315972
0.319338
0.323416
0.327077
0.331015
0.334658
0.338483
0.342027
0.345872
0.349474
0.353119
0.356705
0.360434
0.364411
0.368030
0.371768
0.375274
0.379270
0.382623
0.386557
0.390046
0.393889
0.397417
0.401318
0.404916
0.408666
0.412354
0.416261
0.419723
0.423698
0.427052
0.431121
0.434442
0.438371
0.441832
0.445914
0.449379
0.453238
0.456863
0.460648
0.464336
0.468076
0.471857
0.475580
0.479118
0.482876
0.486719
0.490269
0.494015
0.497708
0.501564
0.505285
0.508842
0.512519
0.516451
0.519815
0.523956
0.527488
0.531358
0.534873
0.538663
0.542540
0.545942
0.549995
0.553443
0.557430
0.560973
0.564766
0.568173
0.572122
0.575442
0.579501
0.583050
0.587001
0.590591
0.594381
0.597970
0.601791
0.605242
0.609221
0.612808
0.616626
0.620300
0.624206
0.627907
0.631667
0.635455
0.639056
0.642777
0.646385
0.650330
0.654017
0.657688
0.661565
0.665165
0.669209
0.672706
0.676616
0.680027
0.683921
0.687320
0.691505
0.694676
0.698707
0.702286
0.706233
0.709719
0.713508
0.717291
0.721105
0.724759
0.728352
0.731989
0.735833
0.739452
0.743344
0.747065
0.750544
0.754554
0.758065
0.762435
0.766668
0.770351
0.774690
0.778891
0.783435
0.787085
0.791029
0.795647
0.799777
0.803969
0.808276
0.813047
0.816838
0.820908
0.824630
0.828198
0.832178
0.835734
0.839686
0.843054
0.846992
0.850487
0.854575
0.858080
0.862135
0.865586
0.869528
0.873358
0.876975
0.880609
0.884385
0.888070
0.891640
0.895584
0.899170
0.902898
0.906391
0.910605
0.914030
0.917973
0.921427
0.925395
0.929036
0.932792
0.936319
0.940315
0.943675
0.947665
0.951249
0.954876
0.958709
0.962486
0.966203
0.969859
0.973899
0.977259
0.981389
0.984579
0.988476
0.992033
0.995916
0.999472
1.003400
1.006906
1.010833
1.014459
1.018127
1.021741
1.025699
1.029239
1.033042
1.036640
1.040437
1.044236
1.047893
1.051533
1.055265
1.058921
1.062631
1.066321
1.069984
1.073683
1.077525
1.081407
1.084976
1.088716
1.092471
1.095982
1.099967
1.103621
1.107361
1.110885
1.114771
1.118368
1.122052
1.125887
1.129736
1.133168
1.137132
1.140780
1.144325
1.148202
1.151760
1.155609
1.159268
1.163077
1.166590
1.170608
1.174137
1.177765
1.181640
1.185222
1.188903
1.192689
1.196322
1.199973
1.203806
1.207229
1.211171
1.214979
1.218640
1.222521
1.226142
1.229907
1.233637
1.237365
1.240833
1.244704
1.248381
1.252158
1.256061
1.259672
1.263312
1.267154
1.270780
1.274617
1.278366
1.282002
1.285912
1.289139
1.293295
1.296657
1.300899
1.304368
1.308353
1.311803
1.315670
1.319342
1.322890
1.326844
1.330510
1.334076
1.338629
1.342257
1.345918
1.349837
1.353398
1.357294
1.361114
1.364554
1.368529
1.371999
1.376047
1.379612
1.383460
1.386833
1.391153
1.394349
1.398588
1.401755
1.405725
1.409387
1.413097
1.416763
1.420656
1.424124
1.428036
1.431622
1.435476
1.439315
1.442799
1.446827
1.450369
1.454119
1.457671
1.461617
1.465084
1.468977
1.472519
1.476385
1.479902
1.483860
1.487441
1.491352
1.494778
1.498640
1.502394
1.506198
1.509807
1.514219
1.518085
1.522396
1.526715
1.531135
1.535074
1.539880
1.544049
1.548611
1.552799
1.556930
1.560696
1.564934
1.569256
1.572932
1.576698
1.580423
1.584166
1.588074
1.591754
1.595429
1.599374
1.602981
1.606581
1.610344
1.614107
1.617781
1.621585
1.625394
1.628931
1.632821
1.636407
1.640449
1.643898
1.647837
1.651160
1.655162
1.658733
1.662545
1.665971
1.670050
1.673782
1.677620
1.681217
1.685081
1.688775
1.692390
1.696138
1.699924
1.703549
1.707401
1.710847
1.714601
1.718479
1.722170
1.725829
1.729658
1.733250
1.737037
1.740702
1.744680
1.748146
1.752176
1.755703
1.759486
1.763060
1.766826
1.770561
1.774242
1.778144
1.781555
1.785399
1.788937
1.793048
1.796317
1.800532
1.803896
1.807875
1.811258
1.815142
1.818742
1.822577
1.826031
1.830111
1.833557
1.837611
1.841081
1.845186
1.848538
1.852559
1.856128
1.859945
1.863612
1.867339
1.871216
1.874918
1.878628
1.882447
1.885828
1.889791
1.893438
1.897244
1.900986
1.904753
1.908306
1.912232
1.915884
1.919544
1.923599
1.927006
1.930979
1.934531
1.938277
1.942106
1.945782
1.949347
1.953153
1.957103
1.960868
1.964406
1.968204
1.972025
1.975564
1.979514
1.982970
1.986883
1.990598
1.994468
1.998077
2.001477
2.005476
2.008944
2.012783
2.016402
2.020344
2.023751
2.027907
2.031132
2.035175
2.038655
2.042627
2.046124
2.050160
2.053693
2.057527
2.060988
2.064717
2.068444
2.072095
2.076022
2.079608
2.083583
2.087156
2.090982
2.094548
2.098490
2.102053
2.106012
2.109689
2.113419
2.117082
2.120999
2.124696
2.128498
2.132184
2.135856
2.139664
2.143270
2.147155
2.150759
2.154754
2.158028
2.162130
2.165808
2.169607
2.173024
2.177047
2.180617
2.184335
2.188000
2.191668
2.195400
2.199260
2.202968
2.206573
2.210298
2.213966
2.217768
2.221615
2.225303
2.229131
2.232706
2.236574
2.239949
2.243874
2.247421
2.251365
2.254851
2.258778
2.262524
2.266426
2.270300
2.275111
2.279135
2.283460
2.287820
2.292212
2.296770
2.301330
2.304906
2.309237
2.312702
2.317515
2.321575
2.325624
2.329379
2.333202
2.336716
2.340668
2.343957
2.348277
2.351718
2.355834
2.359292
2.363293
2.366787
2.370651
2.374357
2.378024
2.381943
2.385625
2.389371
2.393246
2.396773
2.400790
2.404069
2.408009
2.411407
2.415302
2.418987
2.422883
2.426641
2.430276
2.433941
2.437579
2.441577
2.445057
2.448968
2.452507
2.456390
2.460174
2.463655
2.467295
2.471140
2.474865
2.478465
2.483383
2.487928
2.491950
2.496342
2.499828
2.504130
2.508117
2.512196
2.515912
2.519621
2.523455
2.526992
2.530718
2.534183
2.538288
2.541694
2.545531
2.549204
2.553267
2.557110
2.560457
2.564583
2.567833
2.571959
2.575274
2.579415
2.582893
2.586743
2.590367
2.594262
2.597763
2.601596
2.605175
2.609107
2.612642
2.616397
2.620154
2.623750
2.627775
2.631119
2.635081
2.638461
2.642520
2.645780
2.649949
2.653471
2.657305
2.660936
2.664602
2.668361
2.672110
2.675830
2.679400
2.683373
2.686770
2.690668
2.693999
2.698063
2.701600
2.705434
2.709055
2.713039
2.716371
2.720298
2.724009
2.727747
2.731447
2.734936
2.738848
2.742477
2.746345
2.750123
2.753866
2.757661
2.761424
2.765164
2.768792
2.772472
2.776178
2.780041
2.783556
2.787478
2.791117
2.795048
2.798632
2.802394
2.805997
2.809941
2.813593
2.817491
2.821022
2.824854
2.828334
2.832136
2.835816
2.839349
2.843275
2.846939
2.850847
2.854368
2.858343
2.861793
2.865587
2.869113
2.872796
2.876486
2.880154
2.883823
2.887579
2.891197
2.894927
2.898630
2.902389
2.906119
2.909856
2.913443
2.917420
2.920877
2.924682
2.928137
2.931840
2.935683
2.939329
2.943133
2.946610
2.950526
2.953869
2.957966
2.961464
2.965214
2.968784
2.972667
2.976522
2.980255
2.983838
2.987468
2.991284
2.994861
2.998663
3.002153
3.005836
3.009728
3.013497
3.017100
3.021126
3.025023
3.029639
3.033965
3.038213
3.042313
3.046512
3.050844
3.054567
3.059082
3.063566
3.067466
3.071497
3.075590
3.079945
3.083705
3.087346
3.091011
3.094817
3.098476
3.102288
3.105687
3.109717
3.112988
3.117126
3.120663
3.124554
3.128023
3.132075
3.135686
3.139420
3.142860
3.146905
3.150444
3.154110
3.157840
3.161699
3.165460
3.168943
3.172874
3.176387
3.180084
3.183733
3.187554
3.191132
3.194929
3.198728
3.202112
3.206209
3.209766
3.213730
3.217246
3.221256
3.224580
3.228602
3.232206
3.236067
3.239643
3.243690
3.247172
3.250853
3.254395
3.258305
3.261875
3.265788
3.269377
3.273138
3.276855
3.280670
3.284226
3.288173
3.291750
3.295468
3.299109
3.302915
3.306513
3.310364
3.313842
3.317963
3.321459
3.325297
3.328827
3.332606
3.336234
3.339941
3.343700
3.347203
3.351103
3.354629
3.358536
3.362212
3.365924
3.369531
3.373245
3.377145
3.380656
3.384693
3.388110
3.392001
3.395542
3.399567
3.403121
3.407053
3.410268
3.414256
3.417689
3.421550
3.425152
3.429089
3.432720
3.436403
3.440195
3.443823
3.447633
3.451258
3.454809
3.458534
3.462279
3.466085
3.469767
3.473613
3.477384
3.481051
3.484732
3.488534
3.492167
3.495964
3.499339
3.503410
3.506763
3.510796
3.514514
3.518245
3.521868
3.525543
3.529199
3.532925
3.536511
3.540666
3.544108
3.547933
3.551668
3.555331
3.559265
3.562934
3.566581
3.570436
3.574019
3.577823
3.581585
3.585078
3.589053
3.592636
3.596476
3.600281
3.603805
3.607655
3.611094
3.615121
3.618616
3.622356
3.626199
3.630019
3.633701
3.637263
3.641020
3.644668
3.648517
3.652005
3.655946
3.659652
3.663275
3.667262
3.670766
3.674514
3.678370
3.681867
3.685664
3.689485
3.693096
3.696826
3.700563
3.704062
3.708321
3.711656
3.715548
3.718948
3.723052
3.726438
3.730547
3.733878
3.737861
3.741437
3.745316
3.748842
3.752696
3.756246
3.760079
3.763701
3.767471
3.771495
3.775384
3.779914
3.783756
3.788189
3.792497
3.797235
3.801598
3.805700
3.809533
3.814219
3.818489
3.823115
3.827152
3.830851
3.834789
3.838400
3.842414
3.846370
3.849731
3.853900
3.857011
3.861203
3.864426
3.868609
3.871866
3.875991
3.879623
3.883302
3.887147
3.890948
3.894658
3.898155
3.902138
3.905783
3.909636
3.913231
3.917054
3.920736
3.924427
3.928195
3.931851
3.935579
3.939240
3.943085
3.946759
3.950541
3.954233
3.958054
3.961718
3.965464
3.969220
3.972892
3.976503
3.980210
3.983908
3.987591
3.991372
3.994944
3.998721
4.002363
4.006189
4.009854
4.013548
4.017117
4.021055
4.024528
4.028335
4.031909
4.035782
4.039301
4.043156
4.046754
4.050491
4.054299
4.057805
4.061983
4.065148
4.069287
4.072617
4.076929
4.080335
4.084264
4.087851
4.091749
4.095488
4.099152
4.102998
4.106521
4.110446
4.113914
4.117838
4.121458
4.125405
4.129270
4.133022
4.136511
4.140382
4.144073
4.147786
4.151526
4.155083
4.158889
4.162670
4.166301
4.169979
4.173861
4.177379
4.181079
4.184776
4.188241
4.191851
4.195894
4.199621
4.203436
4.207100
4.210811
4.214445
4.218218
4.221744
4.225380
4.228995
4.232843
4.236511
4.240288
4.243797
4.247662
4.251160
4.255042
4.258533
4.262272
4.266083
4.269857
4.273328
4.277168
4.280906
4.284499
4.288473
4.292090
4.295750
4.299671
4.303179
4.306997
4.310681
4.314213
4.318091
4.321792
4.325462
4.329077
4.332904
4.336530
4.340491
4.344096
4.347810
4.351725
4.355207
4.358912
4.362665
4.366307
4.370033
4.373697
4.377593
4.381233
4.384903
4.388709
4.392506
4.396272
4.399993
4.403765
4.407524
4.411179
4.415108
4.418737
4.422376
4.425949
4.429820
4.433516
4.437138
4.440993
4.444506
4.448489
4.452111
4.455806
4.459234
4.463088
4.466730
4.470446
4.474251
4.477956
4.481590
4.485415
4.488900
4.492828
4.496538
4.500347
4.503984
4.507676
4.511434
4.514969
4.518941
4.522577
4.527215
4.531770
4.535973
4.540637
4.544720
4.548935
4.553385
4.557558
4.561658
4.565828
4.570154
4.573819
4.577774
4.581631
4.585345
4.589284
4.592699
4.596626
4.600152
4.603956
4.607649
4.611648
4.615239
4.618989
4.622505
4.626473
4.630064
4.634083
4.637561
4.641401
4.644993
4.648750
4.652491
4.656514
4.659960
4.663879
4.667379
4.671287
4.675144
4.678748
4.682438
4.686023
4.689803
4.693316
4.697230
4.700894
4.704709
4.708366
4.712138
4.716082
4.719499
4.723146
4.727023
4.730797
4.734268
4.738104
4.742012
4.745908
4.749546
4.753229
4.756945
4.760669
4.764408
4.768138
4.772216
4.775630
4.779549
4.782901
4.787056
4.790378
4.794341
4.797994
4.801490
4.805585
4.808953
4.812874
4.816325
4.820318
4.823790
4.827530
4.831434
4.834874
4.838997
4.842092
4.846356
4.849712
4.853663
4.857057
4.860935
4.864812
4.868345
4.872426
4.875730
4.879854
4.883016
4.887155
4.890429
4.894496
4.897938
4.901914
4.905487
4.909337
4.913093
4.916853
4.920569
4.924309
4.927842
4.931673
4.935278
4.939210
4.942718
4.946446
4.950106
4.953917
4.957256
4.961323
4.964795
4.968759
4.972342
4.976228
4.979834
4.983590
4.987323
4.991041
4.994769
4.998343
5.002316
5.005649
5.009533
5.013159
5.017076
5.020716
5.024438
5.028052
5.031891
5.035310
5.039157
5.042734
5.046635
5.050180
5.053994
5.057715
5.061372
5.064829
5.068729
5.072393
5.076244
5.079692
5.083709
5.087227
5.091324
5.094822
5.098536
5.102287
5.105951
5.109671
5.113363
5.117361
5.120764
5.124915
5.128231
5.132092
5.135803
5.139600
5.143206
5.146952
5.150760
5.154515
5.158187
5.162082
5.165456
5.169153
5.172988
5.176823
5.180666
5.184531
5.188140
5.191874
5.195582
5.199467
5.203018
5.206808
5.210414
5.214235
5.217879
5.221771
5.225404
5.228960
5.232760
5.236419
5.240157
5.244004
5.247492
5.251477
5.254989
5.258822
5.262436
5.266419
5.269813
5.273985
5.277702
5.282197
5.286334
5.290612
5.294618
5.298846
5.302920
5.307022
5.311595
5.315316
5.320056
5.324195
5.328650
5.332460
5.336251
5.339917
5.343827
5.347569
5.351192
5.355228
5.358778
5.362617
5.365898
5.370074
5.373392
5.377454
5.380989
5.385055
5.388434
5.392391
5.395821
5.399829
5.403289
5.407391
5.410980
5.414855
5.418456
5.422356
5.425785
5.429528
5.433136
5.437054
5.440509
5.444365
5.448045
5.451832
5.455300
5.459150
5.462719
5.466505
5.470328
5.474184
5.477598
5.481404
5.485056
5.488759
5.492493
5.496352
5.499885
5.503733
5.507403
5.511293
5.514710
5.518467
5.522251
5.525957
5.529684
5.533127
5.537181
5.540641
5.544609
5.548033
5.552075
5.555627
5.559345
5.563156
5.566757
5.570504
5.573906
5.577766
5.581592
5.585407
5.588994
5.592795
5.596324
5.600345
5.603555
5.607614
5.611040
5.614892
5.618523
5.622300
5.625884
5.629682
5.633236
5.637171
5.640783
5.644608
5.648312
5.651990
5.655751
5.659543
5.663393
5.667194
5.670644
5.674525
5.678008
5.681975
5.685502
5.689369
5.692996
5.696698
5.700491
5.704136
5.708029
5.711493
5.715552
5.718983
5.722814
5.726372
5.730160
5.733823
5.737523
5.741378
5.744876
5.748787
5.752662
5.756491
5.760042
5.764007
5.767552
5.771192
5.775025
5.778728
5.782127
5.785998
5.789418
5.793487
5.796994
5.801022
5.804329
5.808400
5.811855
5.815705
5.819166
5.823117
5.826707
5.830478
5.834460
5.837521
5.841908
5.845103
5.849251
5.852397
5.856452
5.859984
5.863941
5.867527
5.871195
5.874846
5.878444
5.882258
5.885849
5.889493
5.893319
5.896953
5.901383
5.905877
5.911015
5.915132
5.918946
5.922868
5.926772
5.930631
5.934366
5.938031
5.941692
5.945300
5.949333
5.952630
5.956595
5.959983
5.964076
5.967462
5.971340
5.974893
5.978557
5.982332
5.986379
5.989987
5.993505
5.997512
6.001138
6.004806
6.008370
6.012169
6.015917
6.019565
6.023330
6.027580
6.031493
6.035827
6.040232
6.044287
6.048028
6.052817
6.056745
6.060665
6.065138
6.069662
6.073872
6.077974
6.081818
6.086000
6.089400
6.093502
6.096777
6.100996
6.104510
6.108297
6.112036
6.115682
6.119519
6.123021
6.126984
6.130292
6.134137
6.137800
6.141542
6.145258
6.148922
6.152698
6.156369
6.160116
6.163801
6.167431
6.171321
6.174855
6.178651
6.182199
6.186090
6.189800
6.193571
6.197072
6.200967
6.204183
6.208277
6.211800
6.215798
6.219331
6.223206
6.226950
6.230838
6.234276
6.238011
6.241775
6.245366
6.249123
6.252949
6.256468
6.260145
6.263967
6.267526
6.271543
6.275128
6.279036
6.282436
6.286310
6.290019
6.293535
6.297545
6.300856
6.304939
6.308286
6.312050
6.315790
6.319685
6.323221
6.327059
6.330607
6.334384
6.338082
6.341790
6.345546
6.349189
6.352854
6.356708
6.360237
6.364222
6.367533
6.371655
6.375149
6.379026
6.382469
6.386431
6.389895
6.393813
6.397213
6.401253
6.404735
6.408435
6.412323
6.415855
6.419746
6.423360
6.427371
6.430780
6.434646
6.438500
6.442034
6.445862
6.449433
6.453404
6.456817
6.461001
6.464316
6.468338
6.471806
6.475569
6.479132
6.483072
6.486678
6.490522
6.494206
6.497903
6.501752
6.505090
6.509073
6.512545
6.516439
6.519975
6.523955
6.527413
6.531631
6.535183
6.539068
6.542523
6.546166
6.550090
6.553772
6.557474
6.561255
6.565007
6.568614
6.572283
6.576147
6.579597
6.583664
6.586968
6.590996
6.594485
6.598342
6.601760
6.605818
6.609298
6.613065
6.616657
6.620568
6.624116
6.627867
6.631556
6.635128
6.639227
6.642838
6.646720
6.650138
6.653952
6.657526
6.661204
6.664944
6.668580
6.672253
6.676029
6.679801
6.683453
6.687296
6.690749
6.694562
6.698215
6.701987
6.705551
6.709345
6.713090
6.716929
6.720450
6.724531
6.727901
6.731911
6.735322
6.739288
6.742568
6.746690
6.750114
6.754262
6.757635
6.761590
6.765041
6.768939
6.772507
6.776727
6.780340
6.784830
6.788665
6.793058
6.796981
6.801597
6.805506
6.809495
6.813634
6.817817
6.822175
6.826632
6.831236
6.834696
6.838620
6.842268
6.846036
6.849741
6.853426
6.857242
6.860759
6.864714
6.868001
6.872112
6.875569
6.879395
6.883051
6.887115
6.890617
6.894315
6.898007
6.901657
6.905467
6.909281
6.912807
6.916716
6.919979
6.924191
6.927429
6.931572
6.934838
6.938982
6.942404
6.946358
6.949766
6.953709
6.957235
6.961077
6.964617
6.968223
6.971870
6.975661
6.979436
6.982997
6.986790
6.990496
6.994300
6.998086
7.001596
7.005368
7.009004
7.012829
7.016406
7.020099
7.023781
7.027591
7.031298
7.034834
7.038708
7.042150
7.046162
7.049336
7.053473
7.056858
7.060798
7.064305
7.068223
7.071818
7.075492
7.079415
7.083119
7.086759
7.090353
7.094057
7.097708
7.101354
7.104980
7.108786
7.112575
7.116384
7.120114
7.123774
7.127429
7.131061
7.134965
7.138376
7.142464
7.145913
7.149941
7.153618
7.157221
7.160983
7.164719
7.168494
7.172252
7.175779
7.179644
7.183254
7.187196
7.190599
7.194498
7.197941
7.201798
7.205383
7.209354
7.212952
7.216694
7.220231
7.224063
7.227672
7.231538
7.235168
7.239023
7.242685
7.246564
7.250016
7.253907
7.257421
7.261360
7.264963
7.268741
7.272335
7.276145
7.279690
7.283579
7.287000
7.291063
7.294428
7.298592
7.301992
7.305744
7.309389
7.313319
7.317070
7.320938
7.324525
7.328334
7.332100
7.335807
7.339424
7.343053
7.346836
7.350640
7.354161
7.357985
7.361437
7.365323
7.368945
7.372812
7.376478
7.380162
7.384070
7.387616
7.391391
7.394952
7.398743
7.402307
7.406061
7.409797
7.413368
7.417241
7.420716
7.424606
7.427923
7.431831
7.435350
7.439398
7.442794
7.446829
7.450290
7.454101
7.457793
7.461492
7.465220
7.468750
7.472381
7.476051
7.479829
7.483354
7.487168
7.490738
7.494597
7.498304
7.501791
7.505730
7.509105
7.513021
7.516460
7.520516
7.524631
7.528872
7.532893
7.537229
7.541697
7.545637
7.549813
7.554085
7.558483
7.562641
7.566999
7.570663
7.574874
7.578672
7.582871
7.586406
7.590246
7.593989
7.597738
7.601338
7.605103
7.608836
7.612527
7.616139
7.619895
7.623839
7.627192
7.631211
7.634495
7.638514
7.641822
7.645887
7.649341
7.653421
7.656707
7.660558
7.663996
7.668131
7.671382
7.675245
7.679068
7.682831
7.686499
7.690161
7.693929
7.697596
7.701381
7.704939
7.708906
7.712225
7.716191
7.719953
7.723583
7.727435
7.731002
7.734888
7.738374
7.742255
7.745831
7.749574
7.753257
7.757101
7.760594
7.764447
7.768111
7.771844
7.775478
7.779101
7.782806
7.786456
7.790325
7.793796
7.797587
7.801187
7.804984
7.808565
7.812099
7.816070
7.819524
7.823374
7.826868
7.830678
7.834264
7.838071
7.841684
7.845285
7.849051
7.852700
7.856411
7.860038
7.863787
7.867368
7.871309
7.874701
7.878565
7.882004
7.885972
7.889442
7.893443
7.896804
7.900685
7.904437
7.908120
7.911736
7.915416
7.919091
7.922823
7.926492
7.930182
7.933842
7.937723
7.941348
7.945106
7.948570
7.952453
7.956010
7.959640
7.963283
7.967168
7.971010
7.974549
7.978244
7.982128
7.985712
7.989275
7.993023
7.996606
8.000537
8.004621
8.008278
8.012018
8.015725
8.019385
8.022956
8.026820
8.030373
8.034233
8.037775
8.041583
8.045177
8.049000
8.052750
8.056364
8.060292
8.063730
8.067641
8.070814
8.075089
8.078701
8.082635
8.086277
8.090022
8.093622
8.097437
8.100994
8.104657
8.108388
8.112063
8.115839
8.119231
8.123037
8.126861
8.130671
8.134351
8.138086
8.141665
8.145518
8.149105
8.152893
8.156955
8.160303
8.164128
8.167781
8.171481
8.175253
8.178960
8.182582
8.186224
8.190051
8.193604
8.197353
8.201078
8.204752
8.208582
8.212215
8.216030
8.219679
8.223567
8.226874
8.230664
8.234391
8.238181
8.241715
8.245492
8.249186
8.252929
8.256459
8.260204
8.263962
8.267789
8.271555
8.275654
8.280686
8.284473
8.288670
8.292597
8.297348
8.301437
8.305771
8.309762
8.313868
8.318008
8.322363
8.326078
8.329783
8.333694
8.337255
8.341150
8.344791
8.348374
8.352247
8.355787
8.359547
8.363283
8.367062
8.370759
8.374626
8.378007
8.382085
8.385457
8.389402
8.392741
8.396870
8.400129
8.404254
8.407728
8.411304
8.415152
8.418589
8.422470
8.425978
8.429971
8.433307
8.437453
8.440632
8.444729
8.448108
8.452075
8.455597
8.459246
8.463285
8.466926
8.470802
8.474438
8.478067
8.481880
8.485342
8.489287
8.492689
8.496629
8.499940
8.503930
8.507553
8.511532
8.515279
8.518989
8.522405
8.526518
8.530011
8.533754
8.537497
8.541079
8.544827
8.548422
8.552157
8.555981
8.559918
8.563679
8.567202
8.571109
8.574551
8.578477
8.581826
8.585722
8.589314
8.593213
8.596733
8.600596
8.604184
8.608081
8.611718
8.615296
8.619152
8.622815
8.626457
8.629988
8.633831
8.637407
8.641290
8.644714
8.648739
8.652041
8.656084
8.659783
8.663476
8.667190
8.670907
8.674479
8.678203
8.681979
8.685639
8.689388
8.693004
8.696901
8.700433
8.704200
8.707822
8.711735
8.715149
8.719070
8.722683
8.726541
8.730252
8.733887
8.737669
8.741224
8.745116
8.748814
8.752490
8.756306
8.759980
8.763971
8.767310
8.771040
8.774555
8.778600
8.782148
8.785978
8.789644
8.793455
8.797052
8.800804
8.804524
8.808237
8.811718
8.815629
8.819252
8.823120
8.826753
8.830694
8.834239
8.838061
8.841616
8.845326
8.849085
8.852792
8.856479
8.860418
8.863910
8.867662
8.871294
8.875040
8.878805
8.882559
8.886340
8.889833
8.893741
8.896982
8.901151
8.904437
8.908394
8.911957
8.915705
8.919494
8.923107
8.926889
8.930374
8.934137
8.937874
8.941623
8.945127
8.948892
8.952378
8.956365
8.959777
8.963642
8.967323
8.971038
8.974807
8.978461
8.982125
8.985703
8.989467
8.993053
8.996860
9.000447
9.004340
9.007919
9.011618
9.015572
9.019206
9.023059
9.027266
9.031211
9.035785
9.040371
9.044019
9.048093
9.052585
9.057449
9.061166
9.065301
9.069372
9.073586
9.077428
9.081218
9.085038
9.088582
9.092300
9.096014
9.099862
9.103355
9.107194
9.110716
9.114363
9.118240
9.121959
9.125620
9.129399
9.133055
9.136866
9.140539
9.144049
9.147785
9.151453
9.155107
9.158794
9.162415
9.166166
9.169968
9.173573
9.177326
9.181133
9.184731
9.188540
9.192270
9.196071
9.199494
9.203491
9.206745
9.210856
9.214170
9.218180
9.221718
9.225638
9.229335
9.232984
9.236544
9.240228
9.244107
9.247779
9.251413
9.255102
9.258781
9.262398
9.266216
9.269885
9.273519
9.277140
9.280913
9.284588
9.288191
9.292033
9.295613
9.299354
9.302655
9.306790
9.310278
9.314195
9.317756
9.321554
9.324906
9.328934
9.332318
9.336365
9.339726
9.343683
9.347207
9.351300
9.354642
9.358710
9.362363
9.365948
9.369835
9.373337
9.376967
9.380677
9.384392
9.388299
9.392071
9.395615
9.399407
9.403089
9.406893
9.410562
9.414293
9.417994
9.421548
9.425406
9.429002
9.432741
9.436530
9.440222
9.443916
9.447680
9.451469
9.455143
9.459020
9.462318
9.466329
9.469693
9.473770
9.477281
9.481085
9.484634
9.488108
9.492059
9.495603
9.499426
9.502899
9.506730
9.510178
9.514160
9.517674
9.521395
9.525098
9.528689
9.532714
9.535957
9.540092
9.543615
9.547583
9.551038
9.554942
9.558386
9.562062
9.565836
9.569498
9.573428
9.576960
9.580816
9.584261
9.588139
9.591790
9.595758
9.599286
9.602948
9.606916
9.610401
9.614240
9.617621
9.621635
9.625100
9.629104
9.632459
9.636301
9.639909
9.643698
9.647336
9.651080
9.654824
9.658544
9.662248
9.665754
9.669652
9.673167
9.677004
9.680442
9.684323
9.687967
9.691673
9.695510
9.699288
9.703191
9.706533
9.710543
9.714119
9.717852
9.721537
9.725020
9.728741
9.732592
9.736083
9.740223
9.743683
9.747487
9.751076
9.754606
9.758609
9.762263
9.766261
9.770125
9.774496
9.778511
9.782667
9.786490
9.790597
9.795291
9.799451
9.803847
9.808014
9.812257
9.816380
9.820004
9.824306
9.828108
9.832002
9.835516
9.839324
9.843000
9.846792
9.850459
9.854180
9.857674
9.861384
9.865185
9.868827
9.872570
9.876057
9.880030
9.883442
9.887398
9.890844
9.894693
9.898337
9.902075
9.905710
9.909465
9.912937
9.916638
9.920406
9.923876
9.927900
9.931398
9.935550
9.939002
9.942957
9.946431
9.950199
9.953889
9.957627
9.961314
9.964942
9.968641
9.972308
9.975956
9.979844
9.983341
9.987307
9.991011
9.994973
9.998359
10.002320
10.005853
10.009749
10.013489
10.017189
10.020906
10.024599
10.028245
10.032042
10.035636
10.039520
10.042993
10.046989
10.050367
10.054260
10.057666
10.061718
10.065123
10.069096
10.072643
10.076409
10.080255
10.083944
10.087764
10.091511
10.094794
10.098836
10.102303
10.106350
10.109717
10.113645
10.116994
10.120911
10.124494
10.128258
10.132275
10.135806
10.139887
10.143351
10.147127
10.150784
10.154535
10.158093
10.162086
10.165588
10.169348
10.172988
10.176779
10.180497
10.184151
10.188082
10.191402
10.195562
10.198876
10.202902
10.206356
10.209875
10.213866
10.217375
10.221136
10.224905
10.228555
10.232296
10.236117
10.239753
10.243548
10.247108
10.250894
10.254518
10.258223
10.262078
10.265486
10.269220
10.272974
10.276585
10.280372
10.284049
10.288012
10.291431
10.295254
10.298740
10.302608
10.305928
10.310148
10.313537
10.317595
10.321079
10.324710
10.328407
10.332122
10.335898
10.339542
10.343182
10.346977
10.350773
10.354485
10.358123
10.361939
10.365856
10.369244
10.373194
10.376591
10.380295
10.383880
10.387798
10.391289
10.395225
10.398914
10.402669
10.406420
10.410111
10.413648
10.417621
10.420892
10.424822
10.428284
10.432326
10.435666
10.439732
10.443414
10.447321
10.450710
10.454518
10.458102
10.461824
10.465600
10.469016
10.473025
10.476355
10.480573
10.483852
10.487702
10.491387
10.494916
10.498867
10.502382
10.506377
10.510221
10.514214
10.518418
10.522918
10.526826
10.531054
10.535291
10.539594
10.543587
10.548054
10.552480
10.556254
10.561092
10.564667
10.569104
10.572710
10.576791
10.580200
10.584145
10.587867
10.591707
10.595313
10.599056
10.602699
10.606562
10.610238
10.613900
10.617814
10.621129
10.625151
10.628562
10.632647
10.636251
10.640102
10.643583
10.647457
10.650974
10.654938
10.658401
10.662226
10.665957
10.669442
10.673227
10.676799
10.680798
10.684332
10.688121
10.691667
10.695580
10.699282
10.703131
10.706580
10.710660
10.714059
10.717991
10.721668
10.725486
10.729079
10.732942
10.736658
10.740240
10.743966
10.747591
10.751521
10.755184
10.758940
10.762625
10.766488
10.770022
10.773840
10.777368
10.781081
10.784787
10.788533
10.792176
10.796096
10.799689
10.803342
10.806830
10.810712
10.814412
10.818126
10.821950
10.825773
10.829382
10.833119
10.836782
10.840356
10.844197
10.847969
10.851475
10.855506
10.858967
10.862853
10.866529
10.870181
10.874125
10.877985
10.881566
10.885442
10.888867
10.892774
10.896337
10.900372
10.903799
10.907817
10.911290
10.915286
10.918839
10.922841
10.926356
10.930173
10.933819
10.937683
10.941215
10.945186
10.948776
10.952509
10.956223
10.959976
10.963534
10.967222
10.970936
10.974530
10.978588
10.982193
10.985949
10.989590
10.993374
10.996943
11.000646
11.004362
11.008063
11.011908
11.015675
11.019312
11.023153
11.026888
11.030433
11.034136
11.037919
11.041427
11.045298
11.048878
11.052731
11.056452
11.060072
11.063706
11.067620
11.071123
11.074860
11.078465
11.082188
11.085873
11.089611
11.093373
11.096855
11.100780
11.104175
11.108200
11.111743
11.115676
11.119386
11.123094
11.126497
11.130460
11.134017
11.137797
11.141378
11.145230
11.148767
11.152686
11.156292
11.160133
11.163777
11.167557
11.171255
11.175008
11.178693
11.182451
11.186245
11.189904
11.193811
11.197449
11.201445
11.204940
11.208740
11.212201
11.216166
11.219815
11.223663
11.227168
11.230899
11.234529
11.238399
11.241830
11.245723
11.249214
11.253233
11.256870
11.260704
11.264606
11.268553
11.272606
11.276477
11.281281
11.285495
11.289213
11.293683
11.297938
11.302336
11.306776
11.310868
11.314914
11.319151
11.323048
11.326602
11.330569
11.334224
11.337955
11.341380
11.345340
11.349009
11.352791
11.356615
11.360124
11.363796
11.367650
11.371392
11.375296
11.378674
11.382643
11.386272
11.390114
11.393739
11.397659
11.401449
11.405103
11.409029
11.412487
11.416283
11.420001
11.423732
11.427333
11.431160
11.434884
11.438593
11.442309
11.445789
11.449676
11.453333
11.457365
11.460896
11.464957
11.468418
11.472256
11.475918
11.479760
11.483449
11.486977
11.490867
11.494368
11.498242
11.501845
11.505649
11.509205
11.513005
11.516765
11.520427
11.524007
11.527891
11.531387
11.535273
11.538955
11.542559
11.546351
11.550064
11.553583
11.557383
11.561065
11.564746
11.568561
11.572008
11.575944
11.579427
11.583379
11.586996
11.590806
11.594320
11.598165
11.601816
11.605536
11.609206
11.612876
11.616799
11.620199
11.624092
11.627603
11.631584
11.635254
11.638850
11.642670
11.646212
11.650065
11.653580
11.657378
11.661029
11.665012
11.668354
11.672349
11.675791
11.679688
11.683122
11.686940
11.690509
11.694415
11.698060
11.701599
11.705540
11.709038
11.712905
11.716465
11.720408
11.723876
11.727674
11.731392
11.735127
11.739075
11.742409
11.746385
11.749628
11.753835
11.757103
11.761144
11.764668
11.768341
11.772190
11.775954
11.779626
11.783222
11.787190
11.790754
11.794678
11.797994
11.801893
11.805558
11.809439
11.812827
11.816805
11.820511
11.824050
11.827991
11.831563
11.835438
11.838957
11.842758
11.846364
11.850219
11.853822
11.857781
11.861339
11.865108
11.868541
11.872552
11.876021
11.879843
11.883362
11.887161
11.890884
11.894709
11.898308
11.902063
11.905650
11.909286
11.912987
11.916664
11.920428
11.924180
11.927792
11.931660
11.935266
11.938963
11.942473
11.946385
11.949847
11.953841
11.957402
11.961030
11.964797
11.968457
11.972211
11.975924
11.979775
11.983417
11.987083
11.990820
11.994612
11.998075
12.001913
12.005561
12.009310
12.012876
12.017438
12.021456
12.025676
12.029736
12.033924
12.038167
12.042332
12.046830
12.050616
12.055094
12.059507
12.064102
12.067526
12.071510
12.075155
12.078805
12.082559
12.086190
12.089921
12.093772
12.097354
12.101151
12.104810
12.108410
12.112076
12.115917
12.119663
12.123406
12.126968
12.130776
12.134391
12.138258
12.141762
12.145504
12.149230
12.153168
12.156693
12.160585
12.164092
12.168070
12.171278
12.175540
12.178710
12.182859
12.186182
12.189952
12.193483
12.197485
12.201050
12.204570
12.208430
12.211942
12.216006
12.219722
12.222993
12.227058
12.230605
12.234479
12.237864
12.242053
12.245365
12.249346
12.252930
12.257053
12.260824
12.264739
12.268354
12.272140
12.275937
12.279356
12.283441
12.286912
12.290851
12.294479
12.298321
12.301864
12.305612
12.309541
12.313249
12.316870
12.320625
12.324320
12.328123
12.331769
12.335636
12.339123
12.342886
12.346600
12.350119
12.353799
12.357671
12.361580
12.365092
12.368992
12.372587
12.376426
12.379940
12.383541
12.387420
12.390976
12.394860
12.398361
12.402333
12.405942
12.409603
12.413357
12.416937
12.420598
12.424269
12.428169
12.431629
12.435624
12.439226
12.442992
12.446577
12.450306
12.454081
12.457598
12.461413
12.465069
12.468881
12.472438
12.476376
12.479734
12.483759
12.487346
12.491267
12.495097
12.498571
12.502328
12.505913
12.509682
12.512926
12.517064
12.520326
12.524647
12.528015
12.531714
12.535552
12.539002
12.542960
12.546616
12.550543
12.553840
12.557906
12.561337
12.565219
12.568765
12.572513
12.576383
12.580016
12.583685
12.587348
12.591102
12.594597
12.598470
12.602015
12.606238
12.609739
12.613503
12.617415
12.621002
12.624621
12.628327
12.632160
12.635722
12.639420
12.643026
12.647086
12.650302
12.654323
12.657871
12.661907
12.665591
12.669111
12.672987
12.676248
12.680450
12.683764
12.687787
12.691211
12.695037
12.698774
12.702420
12.706312
12.709615
12.713774
12.717242
12.721187
12.724442
12.728599
12.732175
12.735746
12.739474
12.743073
12.746710
12.750428
12.754238
12.757755
12.762079
12.766096
12.770221
12.774172
12.778284
12.781981
12.786000
12.790374
12.794476
12.798427
12.802480
12.807318
12.812126
12.816617
12.820422
12.824209
12.827839
12.831723
12.835210
12.839023
12.842741
12.846291
12.850169
12.853663
12.857659
12.861182
12.865002
12.868692
12.872353
12.876083
12.879917
12.883507
12.887247
12.890802
12.894475
12.898245
12.901861
12.905502
12.909469
12.913056
12.917072
12.920494
12.924536
12.927835
12.931661
12.935367
12.939170
12.942849
12.946719
12.950173
12.954158
12.957809
12.961757
12.965272
12.969107
12.972604
12.976458
12.979923
12.983900
12.987696
12.991640
12.995411
12.999145
13.002607
13.006739
13.010155
13.014219
13.017615
13.021627
13.024811
13.028913
13.032274
13.036334
13.039680
13.043566
13.047310
13.051128
13.054639
13.058409
13.062224
13.065761
13.069706
13.073291
13.077393
13.080421
13.084556
13.088221
13.091860
13.095559
13.099414
13.103122
13.106830
13.110397
13.114013
13.117777
13.121253
13.124951
13.128765
