0.004064
0.007736
0.011800
0.016207
0.020763
0.025273
0.029872
0.034875
0.039102
0.043658
0.049599
0.054470
0.060257
0.064982
0.069879
0.074151
0.078046
0.082102
0.085641
0.089681
0.093187
0.097172
0.100843
0.104880
0.108714
0.112384
0.116343
0.120137
0.124059
0.127649
0.131611
0.135497
0.139219
0.143075
0.146773
0.150515
0.154303
0.158237
0.162166
0.165898
0.169666
0.173466
0.177396
0.181335
0.185115
0.189145
0.192997
0.196681
0.200458
0.204170
0.207892
0.211931
0.215371
0.219551
0.223081
0.227127
0.230741
0.234875
0.238451
0.242469
0.246156
0.249899
0.253878
0.257672
0.261457
0.265306
0.269274
0.272799
0.276849
0.280364
0.284512
0.288081
0.292218
0.295792
0.299740
0.303440
0.307276
0.311025
0.314878
0.318882
0.322572
0.326261
0.330026
0.333916
0.337609
0.341368
0.345162
0.349010
0.352911
0.356788
0.360467
0.364331
0.368209
0.371862
0.375863
0.379450
0.383271
0.386947
0.390971
0.394554
0.398519
0.402191
0.405969
0.409775
0.413337
0.417387
0.421013
0.424958
0.428763
0.432705
0.436403
0.440345
0.444003
0.447894
0.451538
0.455306
0.459058
0.462984
0.466677
0.470618
0.474311
0.478307
0.482016
0.485928
0.489651
0.493478
0.497065
0.500837
0.504689
0.508466
0.512403
0.516341
0.519957
0.523680
0.527687
0.531567
0.535233
0.539041
0.542894
0.546832
0.550541
0.554575
0.558126
0.561986
0.565817
0.569420
0.573446
0.577270
0.581244
0.584767
0.588984
0.592470
0.596422
0.600153
0.604229
0.607884
0.611795
0.615553
0.619485
0.623297
0.626984
0.630844
0.634618
0.638409
0.642305
0.646273
0.650035
0.653779
0.657714
0.661497
0.665207
0.669090
0.673100
0.676825
0.680884
0.684574
0.688436
0.692254
0.696171
0.699788
0.703672
0.707461
0.711320
0.715277
0.719023
0.722831
0.726760
0.730517
0.734465
0.738232
0.742108
0.746039
0.749577
0.753604
0.757185
0.761279
0.764840
0.768780
0.772629
0.776435
0.780353
0.784131
0.787936
0.793125
0.798586
0.803271
0.807705
0.812466
0.816431
0.821203
0.825561
0.829961
0.834886
0.839654
0.844727
0.849271
0.853707
0.857892
0.861476
0.865372
0.869230
0.872838
0.876695
0.880688
0.884385
0.888381
0.892297
0.895951
0.899961
0.903596
0.907702
0.911010
0.915127
0.918785
0.922806
0.926308
0.930570
0.933860
0.938130
0.941680
0.945881
0.949525
0.953649
0.957147
0.961292
0.964784
0.968963
0.972463
0.976328
0.980095
0.984188
0.987716
0.991747
0.995397
0.999357
1.003011
1.007074
1.010886
1.014539
1.018384
1.022217
1.025836
1.029854
1.033695
1.037621
1.041279
1.045554
1.049101
1.053094
1.056720
1.060642
1.064663
1.068414
1.072505
1.075988
1.080258
1.083504
1.087822
1.091096
1.095455
1.098970
1.102978
1.106673
1.110592
1.114309
1.118083
1.121870
1.125851
1.129451
1.133370
1.137224
1.141276
1.145036
1.148965
1.152607
1.156490
1.160059
1.164214
1.167731
1.171777
1.175479
1.179475
1.183017
1.187234
1.190824
1.195019
1.198638
1.202504
1.206344
1.210135
1.214101
1.217934
1.221456
1.225515
1.229159
1.232935
1.236839
1.240560
1.244395
1.247970
1.252121
1.255706
1.259734
1.263347
1.267215
1.271095
1.274720
1.278800
1.282480
1.286310
1.290091
1.293879
1.297736
1.301354
1.305510
1.309024
1.313065
1.316616
1.320663
1.324383
1.328105
1.331971
1.335911
1.339786
1.343478
1.347308
1.351075
1.355020
1.358608
1.362547
1.366166
1.370323
1.374036
1.378123
1.381723
1.385734
1.389196
1.393289
1.396732
1.400846
1.404351
1.408491
1.411892
1.416205
1.419561
1.423806
1.427163
1.431293
1.435060
1.438704
1.442709
1.446539
1.450442
1.454104
1.458017
1.461946
1.465701
1.469281
1.473216
1.476978
1.480816
1.484517
1.488321
1.492267
1.496066
1.500070
1.503718
1.507661
1.511279
1.515269
1.518896
1.522773
1.526451
1.530222
1.534264
1.538185
1.541854
1.545709
1.549680
1.553209
1.557317
1.560995
1.565186
1.569774
1.574547
1.579760
1.584557
1.589842
1.594705
1.600220
1.604856
1.609568
1.614182
1.618392
1.622753
1.626880
1.631125
1.634821
1.638813
1.642509
1.646398
1.650110
1.653942
1.657724
1.661624
1.665414
1.669238
1.673188
1.676768
1.680660
1.684580
1.688017
1.692259
1.695826
1.699790
1.703611
1.707254
1.711112
1.714994
1.718777
1.722412
1.726293
1.730459
1.734170
1.738011
1.741811
1.745797
1.749418
1.753215
1.756909
1.760912
1.764472
1.768693
1.772153
1.776181
1.779585
1.783812
1.787461
1.791424
1.795241
1.798910
1.802662
1.806488
1.810209
1.813984
1.817843
1.821519
1.825405
1.828768
1.833024
1.836731
1.840695
1.844415
1.848470
1.852130
1.856145
1.859836
1.863582
1.867435
1.871145
1.875364
1.879035
1.883022
1.886711
1.890648
1.894331
1.898210
1.902067
1.905813
1.909721
1.913357
1.917515
1.920999
1.925085
1.928676
1.932907
1.936331
1.940427
1.943848
1.947968
1.951736
1.955812
1.959271
1.963301
1.967020
1.971081
1.974744
1.978765
1.982392
1.986410
1.990189
1.994054
1.997882
2.001718
2.005414
2.009195
2.013109
2.016928
2.020592
2.024766
2.028328
2.032340
2.036271
2.040003
2.043896
2.047466
2.051638
2.055355
2.059396
2.062949
2.066913
2.070462
2.074703
2.078208
2.082330
2.086099
2.089702
2.093804
2.097286
2.101478
2.105118
2.109086
2.112714
2.116866
2.120554
2.124397
2.128203
2.131831
2.135867
2.139381
2.143639
2.147365
2.150987
2.155064
2.158783
2.162836
2.166258
2.170406
2.173953
2.178152
2.181639
2.185698
2.189545
2.193361
2.197052
2.200882
2.204715
2.208465
2.212670
2.216310
2.220250
2.224067
2.227901
2.231779
2.235639
2.239481
2.243075
2.247332
2.250739
2.254951
2.258469
2.262656
2.266138
2.270283
2.273898
2.277854
2.281649
2.285681
2.289365
2.293201
2.297172
2.300923
2.304737
2.308439
2.312325
2.316248
2.319879
2.323863
2.327567
2.331647
2.335419
2.339340
2.343497
2.348457
2.353356
2.357690
2.362248
2.366893
2.371355
2.376672
2.382095
2.386844
2.391174
2.396237
2.400525
2.405099
2.409163
2.413094
2.416964
2.420926
2.424745
2.428698
2.432446
2.436194
2.440099
2.443768
2.447522
2.451413
2.455543
2.459236
2.463097
2.466846
2.470595
2.474491
2.478267
2.482071
2.485927
2.489745
2.493607
2.497367
2.501249
2.505145
2.508916
2.512746
2.516472
2.520261
2.524364
2.528180
2.531956
2.535811
2.539539
2.543476
2.547390
2.551085
2.555164
2.558745
2.562742
2.566497
2.570346
2.574034
2.578166
2.581797
2.585746
2.589590
2.593451
2.597258
2.601048
2.604950
2.608873
2.612638
2.616308
2.620309
2.624051
2.627806
2.631661
2.635539
2.639417
2.643071
2.647129
2.650654
2.654736
2.658497
2.662479
2.666273
2.670073
2.674038
2.677674
2.681495
2.685325
2.689156
2.693107
2.696730
2.700784
2.704241
2.708305
2.712035
2.716003
2.719658
2.723877
2.727700
2.731575
2.735457
2.739194
2.743083
2.746917
2.750765
2.754575
2.758260
2.762110
2.766151
2.770033
2.773921
2.777678
2.781419
2.785134
2.789159
2.792938
2.796624
2.800539
2.804207
2.808332
2.811736
2.815831
2.819693
2.823399
2.827333
2.830908
2.834899
2.838683
2.842608
2.846383
2.850052
2.853986
2.857702
2.861686
2.865133
2.869341
2.872750
2.877023
2.880432
2.884563
2.888098
2.892276
2.895946
2.899737
2.903609
2.907379
2.911299
2.915187
2.919000
2.922750
2.926578
2.930385
2.934239
2.938233
2.941746
2.945775
2.949427
2.953463
2.957185
2.961151
2.964855
2.968837
2.972475
2.976418
2.980250
2.983980
2.987916
2.991685
2.995447
2.999349
3.003125
3.006998
3.010894
3.014554
3.018502
3.022414
3.026105
3.029723
3.033627
3.037338
3.041344
3.045121
3.049018
3.052840
3.056663
3.060693
3.064336
3.068366
3.072027
3.076060
3.079660
3.083642
3.087190
3.091466
3.094701
3.098883
3.102279
3.106441
3.110144
3.114101
3.118098
3.122510
3.127252
3.132034
3.136714
3.141275
3.145613
3.151251
3.155904
3.160791
3.166104
3.171377
3.176615
3.180906
3.185243
3.189311
3.193524
3.197289
3.201671
3.205450
3.209312
3.213378
3.217514
3.221406
3.225854
3.229470
3.233583
3.237358
3.241366
3.245262
3.249423
3.253200
3.257312
3.260971
3.264910
3.268959
3.272306
3.276537
3.280009
3.284243
3.287707
3.291911
3.295545
3.299476
3.303269
3.307009
3.310797
3.314656
3.318584
3.322491
3.326373
3.330140
3.333788
3.337541
3.341421
3.345131
3.349072
3.352770
3.356487
3.360300
3.364127
3.367939
3.371814
3.375694
3.379765
3.383572
3.387319
3.391288
3.394820
3.398815
3.402641
3.406172
3.410267
3.413950
3.417779
3.421601
3.425437
3.429233
3.432930
3.436790
3.440521
3.444524
3.448327
3.452062
3.455978
3.459750
3.463640
3.467303
3.471388
3.474955
3.478798
3.482606
3.486628
3.490355
3.494185
3.498187
3.501852
3.505967
3.509645
3.513546
3.517075
3.521161
3.524560
3.528798
3.532089
3.536178
3.539867
3.543995
3.547811
3.551744
3.555592
3.559383
3.563321
3.566971
3.571055
3.574656
3.578667
3.582118
3.586095
3.590120
3.593801
3.597717
3.601471
3.605366
3.609080
3.612838
3.616940
3.620539
3.624473
3.628509
3.632215
3.636126
3.639813
3.643714
3.647391
3.651604
3.655100
3.659333
3.662772
3.667107
3.670501
3.674666
3.678513
3.682136
3.686070
3.689628
3.693731
3.697342
3.701311
3.705038
3.708936
3.712518
3.716457
3.720346
3.724091
3.727958
3.731625
3.735675
3.739249
3.743078
3.747026
3.750770
3.754669
3.758408
3.762186
3.765950
3.769933
3.773641
3.777543
3.781230
3.785151
3.788898
3.792751
3.796639
3.800363
3.804451
3.807910
3.811863
3.815701
3.819495
3.823171
3.827029
3.830878
3.834775
3.838524
3.842474
3.846078
3.849944
3.853626
3.857371
3.861331
3.865330
3.869193
3.873070
3.876660
3.880629
3.884328
3.888215
3.891902
3.895857
3.899591
3.903969
3.908650
3.913226
3.918058
3.922939
3.927682
3.932169
3.936350
3.941988
3.947032
3.952063
3.956773
3.961477
3.965800
3.970046
3.973930
3.977780
3.981542
3.985520
3.989064
3.993214
3.996590
4.000879
4.004308
4.008426
4.012093
4.015993
4.019665
4.023519
4.027119
4.031234
4.034783
4.038987
4.042394
4.046480
4.050066
4.054234
4.057810
4.061689
4.065520
4.069073
4.073086
4.076726
4.080564
4.084565
4.088099
4.092005
4.095972
4.099806
4.103445
4.107195
4.111034
4.114925
4.118553
4.122615
4.126366
4.130258
4.133961
4.137995
4.141459
4.145609
4.149302
4.153308
4.156933
4.160922
4.164494
4.168406
4.172233
4.176121
4.179838
4.183824
4.187637
4.191573
4.195267
4.199234
4.202977
4.206866
4.210705
4.214381
4.218271
4.222055
4.225803
4.229528
4.233376
4.237209
4.240753
4.244711
4.248514
4.252240
4.255963
4.259906
4.263781
4.267549
4.271393
4.275303
4.278940
4.282902
4.286325
4.290445
4.294032
4.298063
4.301796
4.305662
4.309309
4.313284
4.316780
4.321089
4.324528
4.328839
4.332323
4.336377
4.339964
4.344011
4.347370
4.351640
4.355075
4.359144
4.362688
4.366508
4.370098
4.374161
4.377815
4.381533
4.385380
4.389048
4.392978
4.396686
4.400519
4.404372
4.408179
4.411834
4.415686
4.419457
4.423214
4.427007
4.430813
4.434364
4.438396
4.442167
4.445986
4.449661
4.453358
4.457353
4.461004
4.465038
4.468768
4.472752
4.476359
4.480213
4.483959
4.487799
4.491425
4.495350
4.499125
4.502892
4.506571
4.510386
4.514500
4.518179
4.522050
4.525813
4.529477
4.533280
4.537128
4.540975
4.544518
4.548538
4.552111
4.556205
4.559807
4.563910
4.567539
4.571477
4.575314
4.578976
4.582997
4.586370
4.590663
4.594204
4.598241
4.601688
4.605772
4.609311
4.613340
4.616768
4.620842
4.624386
4.628538
4.632162
4.636186
4.639954
4.643862
4.647725
4.651425
4.655336
4.659077
4.662900
4.666910
4.670636
4.674510
4.679073
4.683739
4.689002
4.693885
4.699014
4.703855
4.708336
4.713429
4.718048
4.722238
4.726851
4.731102
4.736122
4.740590
4.744492
4.748401
4.752216
4.756116
4.759889
4.763676
4.767902
4.771414
4.775481
4.779293
4.783169
4.786867
4.790733
4.794656
4.798130
4.802404
4.806065
4.809924
4.813568
4.817664
4.821279
4.825416
4.829171
4.833115
4.836861
4.840878
4.844858
4.848472
4.852497
4.856184
4.860010
4.863740
4.867549
4.871291
4.875174
4.878986
4.882578
4.886576
4.890338
4.894240
4.897965
4.901577
4.905585
4.909307
4.913147
4.916957
4.920673
4.924510
4.928101
4.932134
4.935863
4.939855
4.943672
4.947391
4.951475
4.955099
4.958832
4.962834
4.966455
4.970321
4.973973
4.977900
4.981741
4.985594
4.989543
4.993166
4.997119
5.000875
5.004727
5.008373
5.012250
5.015980
5.019830
5.023628
5.027399
5.031115
5.035108
5.038805
5.042791
5.046419
5.050357
5.053975
5.058082
5.061691
5.065840
5.069159
5.073361
5.076890
5.080966
5.084506
5.088653
5.092128
5.096265
5.099675
5.103734
5.107351
5.111259
5.115074
5.118972
5.122805
5.126752
5.130703
5.134664
5.138476
5.142103
5.146281
5.149808
5.153905
5.157511
5.161550
5.165277
5.168954
5.172776
5.176519
5.180651
5.184216
5.188198
5.191780
5.195720
5.199496
5.203199
5.207115
5.210777
5.214663
5.218471
5.222320
5.226135
5.229925
5.233688
5.237607
5.241113
5.245296
5.248974
5.252819
5.256645
5.260530
5.264203
5.268290
5.272013
5.275915
5.279619
5.283566
5.287140
5.291211
5.294906
5.298963
5.302625
5.306755
5.310374
5.314432
5.317955
5.322067
5.325544
5.329743
5.333429
5.337489
5.341402
5.345324
5.349024
5.352871
5.356696
5.360618
5.364326
5.368121
5.371897
5.375594
5.379449
5.383188
5.386967
5.390909
5.394692
5.398750
5.402284
5.406388
5.409960
5.414164
5.417534
5.421800
5.425253
5.429477
5.432891
5.436924
5.440676
5.444543
5.448362
5.452530
5.456705
5.460730
5.465155
5.469758
5.474402
5.479145
5.484577
5.489328
5.494337
5.499335
5.503651
5.508477
5.513244
5.518249
5.522229
5.526261
5.530015
5.534034
5.537514
5.541659
5.545081
5.549263
5.552727
5.556746
5.560529
5.564437
5.568046
5.572084
5.575613
5.579729
5.583321
5.587294
5.591024
5.594881
5.598467
5.602580
5.606255
5.610146
5.613995
5.617770
5.621840
5.625348
5.629458
5.633227
5.637162
5.640651
5.644594
5.648272
5.652275
5.655772
5.659833
5.663446
5.667573
5.671246
5.675264
5.678844
5.682801
5.686523
5.690480
5.694056
5.698028
5.701505
5.705682
5.709073
5.713198
5.716898
5.720946
5.724434
5.728570
5.731994
5.736107
5.739648
5.743880
5.747183
5.751536
5.755092
5.759115
5.762667
5.766684
5.770133
5.774146
5.777799
5.781780
5.785331
5.789420
5.792906
5.796981
5.800655
5.804667
5.808128
5.812258
5.815668
5.819772
5.823481
5.827375
5.831039
5.834936
5.838769
5.842520
5.846450
5.850179
5.854176
5.857930
5.861962
5.865553
5.869392
5.873264
5.877036
5.880761
5.884754
5.888593
5.892404
5.896352
5.899964
5.904006
5.907724
5.911372
5.915535
5.918989
5.923099
5.926705
5.930603
5.934242
5.938176
5.941969
5.945942
5.949633
5.953542
5.957293
5.961131
5.964947
5.968678
5.972610
5.976364
5.980253
5.984079
5.987834
5.991663
5.995388
5.999072
6.002990
6.006686
6.010630
6.014494
6.018252
6.022091
6.025933
6.029841
6.033512
6.037410
6.041023
6.045064
6.048465
6.052548
6.056292
6.060280
6.063876
6.067993
6.071644
6.075869
6.079523
6.083443
6.087297
6.091053
6.094938
6.098384
6.102547
6.106003
6.110108
6.113805
6.117804
6.121377
6.125223
6.129085
6.132886
6.137018
6.140568
6.144600
6.148516
6.152122
6.156073
6.159802
6.163861
6.167356
6.171592
6.175053
6.179139
6.182828
6.186675
6.190254
6.194376
6.197979
6.202006
6.205751
6.209644
6.213541
6.217281
6.221183
6.225153
6.228787
6.233066
6.236978
6.242592
6.247367
6.252132
6.256444
6.261242
6.266484
6.271137
6.275560
6.279983
6.285431
6.290078
6.294565
6.299046
6.303387
6.307235
6.310978
6.315106
6.318645
6.322652
6.326644
6.330243
6.333969
6.337941
6.341741
6.345646
6.349210
6.353241
6.357025
6.361022
6.364518
6.368587
6.372125
6.376152
6.379593
6.383706
6.387463
6.391397
6.395143
6.398970
6.403136
6.406652
6.410700
6.414284
6.418342
6.422014
6.426021
6.429719
6.433809
6.437621
6.441566
6.445607
6.449374
6.453267
6.456976
6.460811
6.464410
6.468395
6.471937
6.476069
6.479728
6.483476
6.487243
6.491175
6.495001
6.498800
6.502667
6.506349
6.510233
6.513829
6.517859
6.521534
6.525716
6.529041
6.533088
6.536665
6.540680
6.544416
6.548159
6.551919
6.556112
6.559684
6.563648
6.567325
6.571162
6.575198
6.578709
6.582529
6.586309
6.590262
6.593948
6.597668
6.601471
6.605273
6.609392
6.613044
6.616980
6.620760
6.624601
6.628337
6.632289
6.636028
6.639938
6.643535
6.647469
6.651143
6.655196
6.658750
6.662767
6.666457
6.670252
6.674183
6.678077
6.681747
6.685550
6.689575
6.692967
6.696924
6.700822
6.704678
6.708373
6.712276
6.716136
6.720031
6.723679
6.727495
6.731324
6.735254
6.739010
6.742827
6.746614
6.750543
6.754170
6.758248
6.762129
6.765793
6.769610
6.773296
6.777026
6.781073
6.784673
6.788707
6.792505
6.796375
6.800368
6.803954
6.807798
6.811426
6.815442
6.819129
6.823032
6.826691
6.830590
6.834197
6.838198
6.841823
6.845857
6.849393
6.853355
6.857222
6.861006
6.864994
6.868479
6.872584
6.876204
6.880038
6.883806
6.887725
6.891327
6.895225
6.898839
6.902967
6.906377
6.910614
6.914085
6.918257
6.921780
6.925825
6.929617
6.933309
6.937361
6.940955
6.944659
6.948636
6.952602
6.956153
6.960187
6.963846
6.967720
6.971476
6.975327
6.979051
6.982959
6.986835
6.990633
6.994357
6.997993
7.002116
7.005555
7.010385
7.014744
7.019599
7.024286
7.029534
7.034583
7.039084
7.043885
7.048321
7.053110
7.057327
7.061377
7.066678
7.071006
7.074883
7.078715
7.082530
7.086298
7.090252
7.093984
7.097933
7.101884
7.105426
7.109476
7.113195
7.116890
7.120700
7.124539
7.128533
7.132294
7.136305
7.139974
7.144138
7.147578
7.151502
7.155196
7.159331
7.163007
7.166955
7.170671
7.174423
7.178341
7.182092
7.186110
7.189882
7.193845
7.197440
7.201407
7.205179
7.209033
7.212947
7.216543
7.220623
7.224313
7.228454
7.231915
7.235906
7.239751
7.243647
7.247332
7.251272
7.254999
7.258938
7.262836
7.266526
7.270357
7.274087
7.277772
7.281763
7.285452
7.289407
7.293200
7.297173
7.300848
7.304905
7.308673
7.312796
7.316551
7.320390
7.324154
7.327820
7.331875
7.335524
7.339479
7.343338
7.347257
7.351224
7.355045
7.358817
7.362555
7.366507
7.370245
7.374460
7.377937
7.381991
7.385709
7.389415
7.393347
7.397231
7.401028
7.404653
7.408850
7.412193
7.416562
7.420077
7.424089
7.427705
7.431670
7.435386
7.439141
7.443088
7.446709
7.450608
7.454465
7.458438
7.461853
7.466015
7.469629
7.473618
7.477105
7.481396
7.484951
7.489007
7.492615
7.496408
7.500079
7.504115
7.507843
7.511718
7.515485
7.519166
7.523108
7.526858
7.530742
7.534460
7.538453
7.542012
7.545842
7.549661
7.553531
7.557216
7.561223
7.564823
7.569021
7.572397
7.576600
7.580115
7.584162
7.587868
7.591839
7.595445
7.599303
7.603199
7.606997
7.610886
7.614592
7.618347
7.622119
7.625916
7.629598
7.633612
7.637436
7.641327
7.645053
7.648826
7.652708
7.656567
7.660511
7.664195
7.668191
7.671779
7.675707
7.678889
7.683343
7.686931
7.691073
7.694577
7.698473
7.702002
7.706194
7.709844
7.713680
7.717455
7.721480
7.724971
7.728923
7.732635
7.736382
7.740289
7.744095
7.748283
7.751766
7.755843
7.759641
7.763531
7.767558
7.771197
7.775032
7.778842
7.782949
7.787407
7.791526
7.796230
7.800540
7.805099
7.810006
7.814329
7.819283
7.823674
7.828093
7.832980
7.837762
7.843744
7.848176
7.851997
7.855941
7.859807
7.863516
7.867337
7.871173
7.875028
7.878831
7.882664
7.886392
7.890270
7.893790
7.897995
7.901653
7.905651
7.909021
7.913272
7.916479
7.920750
7.924243
7.928394
7.932135
7.935977
7.939819
7.943634
7.947451
7.951019
7.955129
7.958601
7.962499
7.966185
7.970238
7.974121
7.977848
7.981833
7.985494
7.989481
7.993009
7.997114
8.000816
8.004781
8.008226
8.012363
8.015883
8.019951
8.023806
8.027551
8.031501
8.035042
8.038917
8.042513
8.046340
8.050219
8.054029
8.057994
8.061622
8.065576
8.069088
8.073234
8.076762
8.080908
8.084525
8.088476
8.092260
8.096050
8.099524
8.103631
8.107358
8.110958
8.115025
8.118600
8.122688
8.126262
8.130378
8.133982
8.138034
8.141758
8.145630
8.149341
8.153031
8.156899
8.160495
8.164514
8.168158
8.172260
8.175801
8.179696
8.183467
8.187164
8.191172
8.194701
8.198799
8.202504
8.206298
8.210148
8.213835
8.217722
8.221502
8.225290
8.229094
8.232885
8.236714
8.240491
8.244369
8.248033
8.251905
8.255580
8.259521
8.263253
8.266897
8.270747
8.274462
8.278420
8.282210
8.285860
8.289840
8.293563
8.297439
8.300972
8.305057
8.308919
8.312629
8.316472
8.320356
8.324322
8.327946
8.331885
8.336996
8.340576
8.344577
8.348031
8.352198
8.355916
8.359727
8.363419
8.367219
8.371102
8.374728
8.378676
8.382712
8.386602
8.390276
8.394037
8.397765
8.401767
8.405420
8.409375
8.413375
8.416942
8.420852
8.424684
8.428627
8.432367
8.436251
8.440058
8.443952
8.447623
8.451533
8.455131
8.459226
8.462721
8.466790
8.470171
8.474215
8.478116
8.481852
8.485582
8.489743
8.493339
8.497154
8.501199
8.504794
8.508771
8.512258
8.516285
8.520070
8.523864
8.527408
8.531385
8.535321
8.539090
8.543054
8.546751
8.550745
8.554285
8.558202
8.562084
8.566501
8.571226
8.576300
8.580917
8.586376
8.590874
8.595992
8.600468
8.605330
8.609970
8.614316
8.619157
8.623381
8.627153
8.631061
8.634714
8.638731
8.642253
8.646243
8.649953
8.653694
8.657503
8.661610
8.665285
8.669091
8.672912
8.676645
8.680458
8.684382
8.687996
8.692012
8.695668
8.699713
8.703398
8.707215
8.711106
8.714753
8.718588
8.722289
8.726301
8.729938
8.734107
8.737534
8.741637
8.745154
8.749284
8.752580
8.756760
8.760369
8.764421
8.768063
8.771865
8.775684
8.779383
8.783277
8.787193
8.790900
8.794702
8.798556
8.802515
8.806074
8.810007
8.813810
8.817622
8.821261
8.825300
8.828912
8.833046
8.836592
8.840625
8.844184
8.848346
8.851857
8.855878
8.859659
8.863624
8.867250
8.871259
8.874758
8.878908
8.882355
8.886460
8.889868
8.894039
8.897630
8.901477
8.905003
8.909110
8.912494
8.916855
8.920123
8.924379
8.928015
8.932040
8.935524
8.939600
8.943107
8.947290
8.950714
8.955101
8.958583
8.962834
8.966364
8.970247
8.974077
8.977940
8.981657
8.985543
8.989277
8.993054
8.996852
9.000561
9.004385
9.008124
9.012158
9.015721
9.019721
9.023169
9.027490
9.031068
9.035008
9.038707
9.042573
9.046196
9.050093
9.053738
9.057768
9.061478
9.065169
9.069165
9.072715
9.076806
9.080330
9.084508
9.087799
9.092120
9.095552
9.099709
9.103126
9.107343
9.110869
9.114993
9.118465
9.122496
9.125985
9.130150
9.133663
9.137776
9.141500
9.145417
9.149196
9.152817
9.156768
9.160419
9.164392
9.168114
9.171873
9.175702
9.179531
9.183365
9.187338
9.191107
9.194766
9.198890
9.202266
9.206547
9.210177
9.214142
9.218006
9.221862
9.225633
9.229463
9.233168
9.237126
9.240852
9.244699
9.248397
9.252109
9.256161
9.259769
9.263682
9.267483
9.271444
9.274898
9.279137
9.282293
9.286805
9.290260
9.294393
9.297815
9.301938
9.305275
9.309696
9.312925
9.317124
9.320780
9.324829
9.328545
9.332511
9.336335
9.341188
9.345986
9.351428
9.355922
9.360284
9.365230
9.369991
9.374217
9.377808
9.382586
9.387506
9.392077
9.396613
9.400857
9.404807
9.408847
9.412585
9.416367
9.420085
9.423985
9.427744
9.431451
9.435337
9.439093
9.442844
9.446660
9.450528
9.454392
9.458125
9.462015
9.465620
9.469661
9.473198
9.477318
9.480781
9.485088
9.488665
9.492515
9.496320
9.500138
9.503912
9.507790
9.511660
9.515258
9.519138
9.522820
9.526844
9.530475
9.534603
9.538198
9.542155
9.545858
9.549573
9.553334
9.556875
9.560886
9.564779
9.568727
9.572326
9.576290
9.580128
9.583828
9.587733
9.591436
9.595247
9.598906
9.602830
9.606655
9.610428
9.614272
9.618044
9.621848
9.625596
9.629371
9.633089
9.637017
9.640808
9.644763
9.648479
9.652304
9.656085
9.659937
9.663652
9.667450
9.671147
9.675063
9.678902
9.682416
9.686393
9.690223
9.694052
9.697849
9.701586
9.705344
9.709251
9.713099
9.716914
9.720744
9.724740
9.728561
9.732366
9.735998
9.740098
9.743648
9.747770
9.751259
9.755157
9.759071
9.762888
9.766529
9.770511
9.774362
9.778079
9.781748
9.785772
9.789413
9.793305
9.797077
9.801161
9.804521
9.808753
9.812263
9.816304
9.820044
9.824094
9.827670
9.831671
9.835423
9.839315
9.843083
9.846802
9.850503
9.854341
9.858283
9.862028
9.865785
9.869734
9.873277
9.877353
9.880895
9.884837
9.888681
9.892584
9.896301
9.900051
9.903991
9.907743
9.911532
9.915253
9.919186
9.922757
9.926782
9.930388
9.934349
9.937981
9.941827
9.945599
9.949508
9.953203
9.957027
9.960904
9.964651
9.968544
9.972264
9.976094
9.979922
9.983744
9.987587
9.991234
9.995082
9.998962
10.002648
10.006432
10.010357
10.014068
10.017868
10.021696
10.025302
10.029292
10.033212
10.036913
10.040874
10.044478
10.048388
10.052086
10.056031
10.059554
10.063552
10.067189
10.071197
10.074775
10.078811
10.082313
10.086322
10.089942
10.094049
10.097775
10.101568
10.105536
10.109890
10.114172
10.118418
10.123811
10.127734
10.132456
10.137338
10.142965
10.147328
10.152144
10.156893
10.162345
10.167094
10.171914
10.175638
10.179792
10.183354
10.187496
10.191219
10.195091
10.198794
10.202775
10.206347
10.210375
10.214111
10.218111
10.221843
10.225557
10.229694
10.233179
10.237309
10.240949
10.244973
10.248650
10.252526
10.256153
10.260042
10.263805
10.267549
10.271350
10.275350
10.279108
10.282888
10.286466
10.290653
10.294060
10.298262
10.301683
10.305915
10.309472
10.313274
10.317156
10.321246
10.324773
10.328946
10.332593
10.336495
10.340294
10.344211
10.347944
10.351729
10.355569
10.359263
10.363304
10.366882
10.370912
10.374437
10.378479
10.381972
10.386148
10.389437
10.393778
10.397136
10.401029
10.404715
10.408646
10.412355
10.416392
10.420071
10.423956
10.427746
10.431457
10.435342
10.439237
10.443093
10.447009
10.450719
10.454721
10.458402
10.462529
10.465949
10.470092
10.473862
10.477796
10.481552
10.485376
10.489271
10.493064
10.496841
10.500713
10.504479
10.508409
10.512129
10.516167
10.519555
10.523998
10.527551
10.531539
10.535389
10.539310
10.543066
10.546791
10.550588
10.554355
10.558226
10.561990
10.565787
10.569907
10.573293
10.577526
10.581115
10.585128
10.588642
10.592652
10.596375
10.600260
10.603973
10.607946
10.611695
10.615452
10.619134
10.622987
10.626958
10.630794
10.634675
10.638252
10.642321
10.645682
10.650042
10.653438
10.657469
10.661052
10.665406
10.668741
10.672912
10.676509
10.680426
10.684151
10.687986
10.691547
10.695512
10.699042
10.702978
10.706664
10.710805
10.714187
10.718428
10.721840
10.725935
10.729469
10.733593
10.737261
10.741245
10.744763
10.748789
10.752439
10.756310
10.760089
10.763971
10.767622
10.771453
10.775473
10.779384
10.782819
10.787185
10.790589
10.794594
10.798235
10.802238
10.805922
10.809804
10.813367
10.817543
10.821079
10.825130
10.828782
10.832740
10.836697
10.840390
10.844492
10.848302
10.851953
10.855711
10.859489
10.863380
10.867125
10.870935
10.874816
10.878832
10.882817
10.887053
10.891536
10.896429
10.901120
10.905817
10.910391
10.915085
10.920483
10.924913
10.929818
10.934455
10.939111
10.942969
10.947529
10.951363
10.955359
10.959052
10.962993
10.966818
10.970776
10.974594
10.978260
10.982091
10.986033
10.989711
10.993611
10.997319
11.001322
11.005035
11.008891
11.012749
11.016547
11.020402
11.023993
11.028019
11.031600
11.035855
11.039528
11.043436
11.047047
11.050934
11.054558
11.058493
11.062199
11.066175
11.070223
11.073891
11.077761
11.081554
11.085284
11.089116
11.092874
11.096627
11.100720
11.104309
11.108314
11.111946
11.115909
11.119713
11.123750
11.127174
11.131014
11.134884
11.138779
11.142759
11.146101
11.150251
11.153782
11.157852
11.161517
11.165531
11.169201
11.173307
11.176811
11.180836
11.184412
11.188453
11.192225
11.196156
11.200125
11.203790
11.207705
11.211505
11.215276
11.219018
11.222869
11.226875
11.230446
11.234546
11.238157
11.242237
11.245758
11.249986
11.253409
11.257426
11.261075
11.265188
11.268855
11.272723
11.276602
11.280289
11.284284
11.288002
11.291985
11.295698
11.299671
11.303308
11.307283
11.311054
11.314756
11.318488
11.322257
11.326494
11.330105
11.334210
11.337704
11.341848
11.345574
11.349434
11.353297
11.357232
11.360988
11.364821
11.368684
11.372561
11.376362
11.380353
11.383923
11.388124
11.391679
11.395647
11.399325
11.403437
11.407095
11.411286
11.415125
11.419043
11.422719
11.426662
11.430258
11.434284
11.438053
11.442117
11.445891
11.449965
11.453700
11.457759
11.461549
11.465439
11.469368
11.473080
11.477075
11.480783
11.484519
11.488166
11.492030
11.495807
11.499762
11.503272
11.507350
11.510900
11.514898
11.518733
11.522720
11.526405
11.530304
11.534097
11.537895
11.541773
11.545482
11.549356
11.553424
11.557133
11.561021
11.564639
11.568630
11.572363
11.576390
11.580059
11.584031
11.587640
11.591667
11.595273
11.599244
11.602886
11.606950
11.610499
11.614487
11.618192
11.622001
11.625942
11.629554
11.633422
11.637253
11.641049
11.644626
11.648529
11.652279
11.656006
11.660069
11.663707
11.668283
11.673369
11.678455
11.682470
11.687199
11.691618
11.696036
11.700861
11.706183
11.711642
11.715720
11.720972
11.725184
11.729596
11.733042
11.737152
11.740718
11.744869
11.748632
11.752700
11.756479
11.760546
11.764137
11.767990
11.771776
11.775644
11.779432
11.783294
11.787193
11.790814
11.794984
11.798552
11.802596
11.806589
11.810273
11.814285
11.818147
11.821754
11.825758
11.829619
11.833521
11.837163
11.841196
11.844884
11.848758
11.852658
11.856406
11.860311
11.864157
11.868183
11.872073
11.876018
11.880035
11.883788
11.887625
11.891353
11.895292
11.899101
11.903124
11.906561
11.910655
11.914317
11.918501
11.922318
11.926002
11.930040
11.933811
11.937576
11.941441
11.945084
11.949118
11.952886
11.956617
11.960327
11.964434
11.967925
11.972138
11.975705
11.979861
11.983521
11.987563
11.990937
11.995085
11.998511
12.002595
12.006290
12.010441
12.013982
12.018170
12.021572
12.025810
12.029426
12.033372
12.037169
12.041058
12.044901
12.048476
12.052554
12.056044
12.059977
12.063480
12.067734
12.071322
12.075429
12.079048
12.082969
12.086620
12.090620
12.094444
12.098291
12.102257
12.105827
12.109817
12.113378
12.117576
12.121081
12.125377
12.129027
12.132979
12.136736
12.140753
12.144593
12.148131
12.152217
12.155774
12.159957
12.163304
12.167534
12.171037
12.175201
12.178778
12.182701
12.186444
12.190251
12.194390
12.197816
12.201872
12.205569
12.209639
12.213474
12.217510
12.221024
12.225149
12.228890
12.232702
12.236740
12.240444
12.244341
12.248141
12.252005
12.255754
12.259672
12.263749
12.267247
12.271425
12.275013
12.278969
12.282882
12.286580
12.290509
12.294272
12.298326
12.301904
12.306017
12.309499
12.313546
12.317085
12.320964
12.324748
12.328691
12.332342
12.336130
12.340179
12.343851
12.348016
12.351663
12.355736
12.359031
12.363204
12.366770
12.370851
12.374191
12.378376
12.381983
12.386237
12.389685
12.393958
12.397228
12.401599
12.404946
12.409188
12.412680
12.416806
12.420290
12.424251
12.428134
12.432023
12.435890
12.439722
12.444263
12.448861
12.453300
12.457987
12.462472
12.467273
12.472358
12.477331
12.481660
12.486094
12.490919
12.495546
12.500641
12.504810
12.509131
12.512872
12.516898
12.520878
12.524537
12.528601
12.532113
12.536202
12.539392
12.543808
12.547236
12.551433
12.554710
12.558955
12.562736
12.566933
12.570689
12.574777
12.579032
12.583253
12.587267
12.591096
12.595189
12.598909
12.602631
12.606410
12.610513
12.614248
12.618306
12.621948
12.626056
12.629579
12.633481
12.637051
12.641037
12.644839
12.648882
12.652382
12.656391
12.660151
12.663996
12.667738
12.671557
12.675270
12.679292
12.683232
12.686887
12.690708
12.694588
12.698315
12.702249
12.705853
12.709995
12.713460
12.717487
12.720981
12.725107
12.728695
12.732789
12.736453
12.740281
12.743975
12.748040
12.751713
12.755541
12.759371
12.763471
12.766922
12.771122
12.774681
12.778756
12.782320
12.786485
12.789997
12.794158
12.797629
12.801762
12.805234
12.809140
12.813014
12.817007
12.820657
12.824506
12.828524
12.832144
12.836024
12.839754
12.843632
12.847497
12.851269
12.855019
12.858838
12.862810
12.866448
12.870494
12.873916
12.878039
12.881502
12.885769
12.889123
12.893340
12.896750
12.900926
12.904488
12.908734
12.912053
12.916213
12.919648
12.923960
12.927454
12.931482
12.934858
12.939024
12.942630
12.946917
12.950328
12.954375
12.958305
12.962128
12.965713
12.969538
12.973268
12.977280
12.980748
12.985173
12.988511
12.992746
12.996235
13.000377
13.003645
13.008036
13.011335
13.015762
13.018970
13.023374
13.027038
13.031060
13.034986
13.038627
13.042578
13.046528
13.050177
13.054073
13.058034
13.061843
13.065550
13.069546
13.073282
13.077300
13.080899
13.084786
13.088771
13.092829
13.096599
13.100288
13.104216
13.107906
13.111897
13.115504
13.119360
13.123145
13.126914
13.130980
13.134636
13.138667
13.142281
13.146152
13.149828
13.153613
13.157473
13.161262
13.165203
13.168666
13.172791
13.176396
13.180492
13.184156
13.188092
13.191901
13.195708
13.199540
13.203314
13.207116
13.211126
13.214831
13.218617
13.222386
13.226599
13.231425
13.236678
13.241130
13.245811
13.249996
13.255025
13.259368
13.264891
13.271022
13.275867
13.280597
13.284466
13.288572
13.292372
13.296309
13.300146
13.304018
13.307947
13.311574
13.315505
13.319233
13.323203
13.326861
13.330696
13.334703
13.338347
13.342341
13.345865
13.350086
13.353718
13.357558
13.361315
13.365256
13.369017
13.372820
13.376792
13.380456
13.384516
13.388258
13.392560
13.396618
13.400556
13.404313
13.408066
13.411996
13.415551
13.419770
13.423248
13.427472
13.430747
13.435191
13.438502
13.442682
13.446334
13.450382
13.453986
13.458221
13.461897
13.465626
13.469702
13.473520
13.477459
13.481059
13.485139
13.489084
13.492620
13.496659
13.500284
13.504235
13.508107
13.511879
13.515769
13.519496
13.523249
13.527134
13.531113
13.534921
13.538863
13.542817
13.546477
13.550386
13.554133
13.558056
13.562015
13.565655
13.569489
13.573331
13.577165
13.580936
13.585209
13.588733
13.592572
13.596661
13.600291
13.604314
13.608108
