20.489907
20.342132
20.222126
20.075544
19.908497
19.737924
19.609749
19.463122
19.311600
19.102849
18.897458
18.664988
18.492239
18.315725
18.085504
17.927000
17.739616
17.477474
17.177098
16.958019
16.748406
16.538604
16.334467
16.118819
15.848923
15.560046
15.309998
15.057483
14.823089
14.634290
14.423748
14.144833
13.810194
13.664146
13.417858
13.114781
12.821590
12.558343
12.321145
12.096081
11.861884
11.581460
11.387882
11.172377
10.922592
10.773435
10.636597
10.423121
10.243438
10.058783
9.860576
9.704255
9.490003
9.277917
9.090360
8.924060
8.723581
8.534355
8.382961
8.243494
8.076686
7.920843
7.775492
7.595265
7.425840
7.218811
7.062434
6.880030
6.754032
6.639323
6.526088
6.412316
6.272585
6.175630
6.071683
5.945616
5.857650
5.796431
5.686180
5.591444
5.488502
5.387525
5.285726
5.205632
5.106217
5.023759
4.958125
4.874797
4.775204
4.692711
4.644419
4.602774
4.544826
4.462854
4.400226
4.325339
4.245968
4.180105
4.118404
4.050614
3.991824
3.923610
3.871194
3.823885
3.776682
3.741555
3.696560
3.634747
3.575044
3.514375
3.473184
3.429054
3.384910
3.332794
3.281237
3.231957
3.183786
3.120072
3.069480
3.017163
2.964790
2.919073
2.876118
2.831035
2.789460
2.741296
2.691198
2.643077
2.592725
2.563137
2.511843
2.454592
2.410030
2.354690
2.307805
2.262815
2.227739
2.180085
2.133927
2.092314
2.049456
2.008811
1.960280
1.911644
1.864732
1.814413
1.772505
1.743116
1.688553
1.641186
1.600095
1.543340
1.505285
1.471143
1.424480
1.391448
1.350552
1.312217
1.275577
1.238055
1.199088
1.157758
1.119205
1.075313
1.030852
0.986110
0.934379
0.904818
0.880908
0.850275
0.817901
0.782238
0.750170
0.718808
0.687202
0.647754
0.618381
0.591312
0.571804
0.545868
0.523558
0.498431
0.481908
0.470543
0.455522
0.437219
0.424444
0.408962
0.394499
0.381811
0.368909
0.355855
0.341116
0.325268
0.312623
0.295433
0.282920
0.271675
0.260057
0.251344
0.241975
0.234807
0.229375
0.221801
0.213580
0.205311
0.198002
0.192401
0.186452
0.178124
0.172423
0.165369
0.159231
0.154921
0.150698
0.145669
0.140638
0.137153
0.133173
0.129104
0.126570
0.122946
0.119616
0.116092
0.112328
0.109192
0.106284
0.103212
0.100658
0.098163
0.094121
0.092001
0.089715
0.087644
0.084907
0.082589
0.081472
0.079290
0.078201
0.076861
0.075269
0.073797
0.072201
0.070235
0.069201
0.068044
0.066806
0.065650
0.064810
0.063822
0.062742
0.061290
0.059140
0.057899
0.056783
0.055837
0.054565
0.054017
0.053429
0.052554
0.051957
0.050886
0.050455
0.049989
0.049344
0.048344
0.047175
0.046510
0.045675
0.045057
0.044256
0.043758
0.043251
0.042815
0.042369
0.041924
0.041424
0.040859
0.040415
0.039983
0.039384
0.038781
0.038270
0.037861
0.037315
0.036957
0.036572
0.036286
0.035947
0.035669
0.035397
0.035175
0.034930
0.034569
0.034377
0.034139
0.033988
0.033733
0.033429
0.033222
0.033004
0.032756
0.032517
0.032152
0.031916
0.031700
0.031501
0.031348
0.031184
0.031036
0.030816
0.030694
0.030491
0.030316
0.030203
0.030001
0.029916
0.029832
0.029729
0.029663
0.029559
0.029453
0.029335
0.029177
0.029097
0.029033
0.028924
0.028808
0.028730
0.028602
0.028502
0.028447
0.028381
0.028330
0.028272
0.028213
0.028169
0.028137
0.028114
0.028077
0.028048
0.028005
0.027951
0.027911
0.027875
0.027845
0.027819
0.027773
0.027737
0.027693
0.027660
0.027630
0.027598
0.027566
0.027539
0.027517
0.027502
0.027481
0.027442
0.027411
0.027382
0.027354
0.027330
0.027293
0.027276
0.027264
0.027260
0.027251
0.027242
0.027239
0.027224
0.027206
0.027195
0.027183
0.027174
0.027168
0.027160
0.027156
0.027148
0.027145
0.027141
0.027137
0.027133
0.027129
0.027128
0.027123
0.027121
0.027114
0.027109
0.027103
0.027095
0.027095
0.027094
0.027092
0.027089
0.027087
0.027087
0.027084
0.027079
0.027077
0.027075
0.027072
0.027071
0.027069
0.027067
0.027064
0.027063
0.027062
0.027061
0.027059
0.027055
0.027055
0.027055
0.027053
0.027050
0.027049
0.027048
0.027046
0.027043
0.027042
0.027041
0.027040
0.027037
0.027037
0.027036
0.027036
0.027034
0.027033
0.027033
0.027033
0.027032
0.027032
0.027031
0.027030
0.027030
0.027030
0.027029
0.027029
0.027029
0.027029
0.027028
0.027028
0.027028
0.027028
0.027028
0.027027
0.027027
0.027027
0.027026
0.027026
0.027026
0.027026
0.027025
0.027025
0.027025
0.027025
0.027025
0.027025
0.027025
0.027024
0.027024
0.027024
0.027024
0.027024
0.027024
0.027024
0.027024
0.027024
0.027024
0.027024
0.027023
0.027023
0.027023
0.027023
0.027023
0.027023
0.027023
0.027023
0.027023
0.027022
0.027022
0.027022
0.027022
0.027022
0.027022
0.027022
0.027022
0.027022
0.027022
0.027022
0.027022
0.027022
0.027022
0.027022
0.027022
0.027022
0.027022
0.027022
0.027022
0.027022
0.027022
0.027022
0.027022
0.027022
0.027021
0.027021
0.027021
0.027021
0.027021
0.027021
0.027021
0.027021
0.027021
0.027021
0.027021
0.027021
0.027021
0.027021
0.027021
0.027021
0.027021
0.027021
0.027021
0.027021
0.027021
0.027021
0.027021
0.027021
0.027021
0.027021
0.027021
0.027021
0.027021
0.027021
0.027021
0.027021
0.027021
0.027021
0.027021
0.027021
0.027021
0.027021
0.027021
0.027021
0.027021
0.027021
0.027021
0.027021
0.027021
0.027021
0.027021
0.027021
0.027021
0.027021
0.027021
0.027021
0.027021
0.027021
0.027021
0.027021
0.027021
0.027021
0.027021
0.027021
0.027021
0.027021
0.027021
0.027021
0.027021
0.027021
0.027021
0.027021
0.027021
0.027021
0.027021
0.027021
0.027021
0.027021
0.027021
0.027021
0.027021
0.027021
0.027021
0.027021
0.027021
0.027021
0.027021
0.027021
0.027021
0.027021
0.027021
0.027021
0.027021
0.027021
0.027021
0.027021
0.027021
0.027021
0.027021
0.027021
0.027021
0.027021
0.027021
0.027021
0.027021
0.027021
0.027021
0.027021
0.027021
0.027021
0.027021
0.027021
0.027021
0.027021
0.027021
0.027021
0.027021
0.027021
0.027021
0.027021
0.027021
0.027021
0.027021
0.027021
0.027021
0.027021
0.027021
0.027021
0.027021
0.027021
0.027021
0.027021
0.027021
0.027021
0.027021
0.027021
0.027021
0.027021
0.027021
0.027021
0.027021
0.027021
0.027021
0.027021
0.027021
0.027021
0.027021
0.027021
0.027021
0.027021
0.027021
0.027021
0.027021
0.027021
0.027021
0.027021
0.027021
0.027021
0.027021
0.027021
0.027021
0.027021
0.027021
0.027021
0.027021
0.027021
0.027021
0.027021
0.027021
0.027021
0.027021
0.027021
0.027021
0.027021
0.027021
0.027021
0.027021
0.027021
0.027021
0.027021
0.027021
0.027021
0.027021
0.027021
0.027021
0.027021
0.027021
0.027021
0.027021
0.027021
0.027021
0.027021
0.027021
0.027021
0.027021
0.027021
0.027021
0.027021
0.027021
0.027021
0.027021
0.027021
0.027021
0.027021
0.027021
0.027021
0.027021
0.027021
0.027021
0.027021
0.027021
0.027021
0.027021
0.027021
0.027021
0.027021
0.027021
0.027021
0.027021
0.027021
0.027021
0.027021
0.027021
0.027021
0.027021
0.027021
0.027021
0.027021
0.027021
0.027021
0.027021
0.027021
0.027021
0.027021
0.027021
0.027021
0.027021
0.027021
0.027021
0.027021
0.027021
0.027021
0.027021
0.027021
0.027021
0.027021
0.027021
0.027021
0.027021
0.027021
0.027021
0.027021
0.027021
0.027021
0.027021
0.027021
0.027021
0.027021
0.027021
0.027021
0.027021
0.027021
0.027021
0.027021
0.027021
0.027021
0.027021
0.027021
0.027021
0.027021
0.027021
0.027021
0.027021
0.027021
0.027021
0.027021
0.027021
0.027021
0.027021
0.027021
0.027021
0.027021
0.027021
0.027021
0.027021
0.027021
0.027021
0.027021
0.027021
0.027021
0.027021
0.027021
0.027021
0.027021
0.027021
0.027021
0.027021
0.027021
0.027021
0.027021
0.027021
0.027021
0.027021
0.027021
0.027021
0.027021
0.027021
0.027021
0.027021
0.027021
0.027021
0.027021
0.027021
0.027021
0.027021
0.027021
0.027021
0.027021
0.027021
0.027021
0.027021
0.027021
0.027021
0.027021
0.027021
0.027021
0.027021
0.027021
0.027021
0.027021
0.027021
0.027021
0.027003
0.027003
0.026946
0.026880
0.026823
0.026823
0.026823
0.026747
0.026702
0.026702
0.026643
0.026638
0.026638
0.026638
0.026571
0.026571
0.026571
0.026486
0.026485
0.026461
0.026461
0.026434
0.026429
0.026420
0.026393
0.026379
0.026348
0.026291
0.026236
0.026217
0.026217
0.026187
0.026166
0.026166
0.026166
0.026166
0.026145
0.026145
0.026145
0.026145
0.026145
0.026145
0.026145
0.026145
0.026121
0.026091
0.026087
0.026087
0.026087
0.026082
0.026037
0.026026
0.026017
0.026017
0.026017
0.026017
0.026017
0.026017
0.026017
0.026017
0.026017
0.026017
0.026017
0.026017
0.026017
0.026017
0.026017
0.026017
0.026017
0.026017
0.026017
0.026017
0.026017
0.026017
0.026017
0.026017
0.026017
0.026017
0.026017
0.026017
0.026017
0.026017
0.026017
0.026017
0.026017
0.026017
0.026017
0.026017
0.026017
0.026017
0.026017
0.026017
0.026017
0.026017
0.026017
0.026017
0.026017
0.026017
0.026017
0.026017
0.026017
0.026017
0.026017
0.026017
0.026017
0.026017
0.026017
0.026017
0.026017
0.026017
0.026017
0.026017
0.026017
0.026017
0.026017
0.026017
0.026017
0.026017
0.026017
0.026017
0.026017
0.026017
0.026017
0.026017
0.026017
0.026017
0.026017
0.026017
0.026017
0.026017
0.026017
0.026017
0.026017
0.026017
0.026017
0.026017
0.026017
0.026017
0.026017
0.026017
0.026017
0.026017
0.026017
0.026017
0.026017
0.026017
0.026017
0.026017
0.026017
0.026017
0.026017
0.026017
0.026017
0.026017
0.026017
0.026017
0.026017
0.026017
0.026017
0.026017
0.026017
0.026017
0.026017
0.026017
0.026017
0.026017
0.026017
0.026017
0.026017
0.026017
0.026017
0.026017
0.026017
0.026017
0.026017
0.026017
0.026017
0.026017
0.026017
0.026017
0.026017
0.026017
0.026017
0.026017
0.026017
0.026017
0.026017
0.026017
0.026017
0.026017
0.026017
0.026017
0.026017
0.026017
0.026017
0.026017
0.026017
0.026017
0.026017
0.026017
0.025837
0.024864
0.024307
0.023548
0.023548
0.023074
0.022981
0.022419
0.022326
0.022218
0.021956
0.021947
0.021596
0.021441
0.021441
0.021439
0.021167
0.020919
0.020919
0.020832
0.020704
0.020618
0.020457
0.020455
0.020455
0.020455
0.020455
0.020409
0.020356
0.020242
0.020242
0.020227
0.020227
0.020227
0.020192
0.020084
0.020020
0.020020
0.020020
0.020020
0.020020
0.020020
0.020020
0.020020
0.020020
0.020020
0.020020
0.020020
0.019934
0.019922
0.019916
0.019851
0.019842
0.019789
0.019771
0.019699
0.019656
0.019613
0.019613
0.019610
0.019574
0.019554
0.019547
0.019521
0.019521
0.019521
0.019521
0.019495
0.019495
0.019472
0.019462
0.019462
0.019462
0.019462
0.019462
0.019462
0.019462
0.019462
0.019462
0.019462
0.019462
0.019462
0.019462
0.019462
0.019462
0.019462
0.019462
0.019462
0.019462
0.019462
0.019462
0.019462
0.019462
0.019462
0.019462
0.019462
0.019462
0.019462
0.019462
0.019462
0.019462
0.019462
0.019462
0.019462
0.019462
0.019462
0.019462
0.019462
0.019462
0.019462
0.019462
0.019462
0.019462
0.019462
0.019462
0.019462
0.019462
0.019462
0.019462
0.019462
0.019462
0.019462
0.019462
0.019462
0.019462
0.019462
0.019462
0.019462
0.019462
0.019462
0.019462
0.019462
0.019462
0.019462
0.019462
0.019462
0.019462
0.019462
0.019462
0.019462
0.019462
0.019462
0.019462
0.019462
0.019459
0.019459
0.019459
0.019459
0.019457
0.019451
0.019450
0.019450
0.019450
0.019448
0.019448
0.019448
0.019448
0.019448
0.019448
0.019448
0.019448
0.019448
0.019448
0.019448
0.019448
0.019448
0.019448
0.019448
0.019448
0.019448
0.019448
0.019448
0.019448
0.019448
0.019448
0.019448
0.019448
0.019448
0.019448
0.019448
0.019448
0.019448
0.019448
0.019448
0.019448
0.019448
0.019448
0.019448
0.019448
0.019448
0.019448
0.019448
0.019448
0.019448
0.019448
0.019448
0.019448
0.019448
0.019448
0.019448
0.019448
0.019448
0.019448
0.019448
0.019448
0.019448
0.019448
0.019448
0.019448
0.019448
0.019448
0.019448
0.019448
0.019448
0.019448
0.019448
0.019448
0.019448
0.019448
0.019448
0.019448
0.019448
0.019448
0.019448
0.019448
0.019448
0.019448
0.019448
0.019448
0.019448
0.019448
0.019448
0.019448
0.019448
0.019448
0.019448
0.019448
0.019448
0.019448
0.019448
0.019448
0.019448
0.019448
0.019448
0.019448
0.019448
0.019448
0.019448
0.019448
0.019448
0.019448
0.019448
0.019448
0.019448
0.019448
0.019448
0.019448
0.019448
0.019448
0.019448
0.019448
0.019448
0.019448
0.019448
0.019448
0.019448
0.019448
0.019448
0.019448
0.019448
0.019448
0.019448
0.019448
0.019448
0.019448
0.019448
0.019448
0.019448
0.019448
0.019448
0.019448
0.019448
0.019448
0.019448
0.019448
0.019448
0.019448
0.019448
0.019448
0.019448
0.019448
0.019448
0.019448
0.019448
0.019448
0.019448
0.019448
0.019448
0.019448
0.019448
0.019448
0.019448
0.019448
0.019448
0.019448
0.019448
0.019448
0.019448
0.019448
0.019448
0.019448
0.019448
0.019448
0.019448
0.019448
0.019448
0.019448
0.019448
0.019448
0.019448
0.019448
0.019448
0.019448
0.019448
0.019448
0.019448
0.019448
0.019448
0.019448
0.019448
0.019448
0.019448
0.019448
0.019448
0.019448
0.019448
0.019448
0.019448
0.019448
0.019448
0.019448
0.019448
0.019448
0.019448
0.019448
0.019448
0.019448
0.019448
0.019448
0.019448
0.019448
0.019448
0.019448
0.019448
0.019448
0.019448
0.019448
0.019448
0.019448
0.019448
0.019448
0.019448
0.019448
0.019448
0.019448
0.019448
0.019448
0.019448
0.019448
0.019448
0.019448
0.019448
0.019448
0.019448
0.019448
0.019448
0.019448
0.019448
0.019448
0.019448
0.019448
0.019448
0.019448
0.019448
0.019448
0.019448
0.019448
0.019448
0.019448
0.019448
0.019448
0.019448
0.019448
0.019448
0.019448
0.019448
0.019448
0.019448
0.019448
0.019448
0.019448
0.019448
0.019448
0.019448
0.019448
0.019448
0.019448
0.019448
0.019448
0.019448
0.019448
0.019448
0.019448
0.019448
0.019448
0.019448
0.019448
0.019448
0.019448
0.019448
0.019448
0.019448
0.019448
0.019448
0.019448
0.019448
0.019448
0.019448
0.019448
0.019448
0.019448
0.019448
0.019448
0.019448
0.019448
0.019448
0.019448
0.019448
0.019448
0.019448
0.019448
0.019448
0.019448
0.019448
0.019448
0.019448
0.019448
0.019448
0.019448
0.019448
0.019448
0.019448
0.019448
0.019448
0.019448
0.019448
0.019448
0.019448
0.019448
0.019448
0.019448
0.019448
0.019448
0.019448
0.019448
0.019448
0.019448
0.019448
0.019448
0.019448
0.019448
0.019448
0.019448
0.019448
0.019448
0.019448
0.019448
0.019448
0.019448
0.019448
0.019448
0.019448
0.019448
0.019448
0.019448
0.019448
0.019448
0.019448
0.019448
0.019448
0.019448
0.019448
0.019448
0.019448
0.019448
0.019448
0.019448
0.019448
0.019448
0.019448
0.019448
0.019448
0.019448
0.019448
0.019448
0.019448
0.019448
0.019448
0.019448
0.019448
0.019448
0.019448
0.019448
0.019448
0.019448
0.019448
0.019448
0.019448
0.019448
0.019448
0.019448
0.019448
0.019448
0.019448
0.019448
0.019448
0.019448
0.019448
0.019448
0.019448
0.019448
0.019448
0.019448
0.019448
0.019448
0.019448
0.019448
0.019448
0.019448
0.019448
0.019448
0.019448
0.019448
0.019448
0.019448
0.019448
0.019448
0.019448
0.019448
0.019448
0.019448
0.019448
0.019448
0.019448
0.019448
0.019448
0.019448
0.019448
0.019448
0.019448
0.019448
0.019448
0.019448
0.019448
0.019448
0.019448
0.019448
0.019448
0.019448
0.019448
0.019448
0.019448
0.019448
0.019448
0.019448
0.019448
0.019448
0.019448
0.019448
0.019448
0.019448
0.019448
0.019448
0.019448
0.019448
0.019448
0.019448
0.019448
0.019448
0.019448
0.019448
0.019448
0.019448
0.019448
0.019448
0.019448
0.019448
0.019448
0.019448
0.019448
0.019448
0.019448
0.019448
0.019448
0.019448
0.019448
0.019448
0.019448
0.019448
0.019448
0.019448
0.019448
0.019448
0.019448
0.019448
0.019448
0.019448
0.019448
0.019448
0.019447
0.019440
0.019440
0.019440
0.019426
0.019426
0.019426
0.019423
0.019423
0.019423
0.019411
0.019411
0.019408
0.019394
0.019393
0.019387
0.019387
0.019387
0.019387
0.019387
0.019387
0.019387
0.019387
0.019387
0.019385
0.019385
0.019383
0.019383
0.019380
0.019377
0.019376
0.019376
0.019375
0.019373
0.019372
0.019371
0.019370
0.019369
0.019369
0.019369
0.019368
0.019367
0.019367
0.019366
0.019365
0.019365
0.019365
0.019363
0.019363
0.019363
0.019362
0.019361
0.019361
0.019361
0.019361
0.019361
0.019361
0.019361
0.019361
0.019361
0.019361
0.019361
0.019361
0.019361
0.019361
0.019361
0.019361
0.019361
0.019361
0.019361
0.019361
0.019361
0.019361
0.019361
0.019361
0.019361
0.019361
0.019361
0.019361
0.019361
0.019361
0.019361
0.019361
0.019361
0.019361
0.019361
0.019360
0.019359
0.019359
0.019350
0.019346
0.019346
0.019340
0.019338
0.019330
0.019329
0.019324
0.019324
0.019321
0.019316
0.019298
0.019298
0.019282
0.019272
0.019267
0.019260
0.019255
0.019236
0.019222
0.019214
0.019203
0.019187
0.019176
0.019171
0.019171
0.019170
0.019164
0.019159
0.019149
0.019144
0.019125
0.019116
0.019112
0.019101
0.019095
0.019089
0.019084
0.019081
0.019079
0.019077
0.019074
0.019072
0.019072
0.019070
0.019070
0.019066
0.019063
0.019061
0.019061
0.019061
0.019059
0.019059
0.019057
0.019056
0.019056
0.019055
0.019054
0.019054
0.019054
0.019051
0.019051
0.019051
0.019051
0.019050
0.019048
0.019048
0.019048
0.019048
0.019047
0.019044
0.019044
0.019043
0.019043
0.019042
0.019040
0.019040
0.019040
0.019040
0.019039
0.019039
0.019039
0.019037
0.019036
0.019036
0.019034
0.019034
0.019034
0.019033
0.019033
0.019033
0.019032
0.019031
0.019030
0.019030
0.019030
0.019030
0.019030
0.019030
0.019029
0.019029
0.019028
0.019028
0.019028
0.019028
0.019028
0.019027
0.019027
0.019027
0.019027
0.019027
0.019027
0.019027
0.019026
0.019026
0.019026
0.019025
0.019025
0.019025
0.019025
0.019025
0.019025
0.019025
0.019025
0.019025
0.019025
0.019025
0.019025
0.019025
0.019025
0.019025
0.019025
0.019025
0.019025
0.019025
0.019025
0.019025
0.019025
0.019025
0.019025
0.019025
0.019025
0.019025
0.019025
0.019025
0.019025
0.019025
0.019025
0.019025
0.019025
0.019025
0.019025
0.019025
0.019025
0.019025
0.019025
0.019025
0.019025
0.019025
0.019025
0.019025
0.019025
0.019025
0.019025
0.019025
0.019025
0.019025
0.019025
0.019025
0.019025
0.019025
0.019025
0.019025
0.019025
0.019025
0.019025
0.019025
0.019025
0.019025
0.019025
0.019025
0.019025
0.019025
0.019025
0.019025
0.019025
0.019025
0.019025
0.019025
0.019025
0.019025
0.019025
0.019025
0.019025
0.019025
0.019025
0.019025
0.019025
0.019025
0.019025
0.019025
0.019025
0.019025
0.019025
0.019025
0.019025
0.019025
0.019025
0.019025
0.019025
0.019025
0.019024
0.019021
0.019021
0.019021
0.019021
0.019019
0.019017
0.019016
0.019012
0.019009
0.019005
0.019005
0.019002
0.019002
0.019001
0.019000
0.018999
0.018999
0.018999
0.018997
0.018997
0.018997
0.018997
0.018997
0.018996
0.018996
0.018996
0.018996
0.018996
0.018996
0.018995
0.018993
0.018993
0.018993
0.018993
0.018993
0.018992
0.018992
0.018992
0.018992
0.018991
0.018991
0.018990
0.018990
0.018990
0.018990
0.018990
0.018990
0.018990
0.018989
0.018988
0.018988
0.018987
0.018987
0.018987
0.018987
0.018987
0.018987
0.018986
0.018986
0.018986
0.018986
0.018986
0.018985
0.018985
0.018985
0.018985
0.018985
0.018985
0.018985
0.018985
0.018985
0.018985
0.018985
0.018985
0.018985
0.018985
0.018984
0.018984
0.018984
0.018984
0.018984
0.018984
0.018984
0.018984
0.018983
0.018983
0.018983
0.018983
0.018983
0.018983
0.018983
0.018983
0.018983
0.018983
0.018983
0.018983
0.018983
0.018983
0.018983
0.018983
0.018983
0.018983
0.018983
0.018983
0.018983
0.018983
0.018983
0.018983
0.018983
0.018983
0.018983
0.018983
0.018983
0.018971
0.018902
0.018813
0.018728
0.018674
0.018622
0.018588
0.018579
0.018572
0.018562
0.018536
0.018515
0.018508
0.018508
0.018499
0.018497
0.018497
0.018497
0.018497
0.018490
0.018490
0.018463
0.018425
0.018425
0.018401
0.018383
0.018383
0.018383
0.018370
0.018370
0.018370
0.018370
0.018370
0.018370
0.018370
0.018370
0.018370
0.018370
0.018370
0.018370
0.018370
0.018370
0.018370
0.018370
0.018370
0.018370
0.018370
0.018370
0.018370
0.018370
0.018370
0.018370
0.018370
0.018370
0.018370
0.018370
0.018370
0.018370
0.018370
0.018370
0.018370
0.018370
0.018370
0.018370
0.018370
0.018370
0.018370
0.018370
0.018370
0.018370
0.018370
0.018370
0.018370
0.018370
0.018370
0.018370
0.018370
0.018370
0.018370
0.018361
0.018351
0.018344
0.018344
0.018344
0.018344
0.018344
0.018342
0.018337
0.018337
0.018337
0.018332
0.018330
0.018328
0.018323
0.018323
0.018322
0.018316
0.018313
0.018294
0.018287
0.018282
0.018278
0.018276
0.018275
0.018266
0.018255
0.018249
0.018247
0.018247
0.018232
0.018231
0.018220
0.018219
0.018216
0.018211
0.018211
0.018208
0.018206
0.018203
0.018203
0.018201
0.018201
0.018196
0.018195
0.018195
0.018194
0.018191
0.018189
0.018186
0.018183
0.018183
0.018180
0.018180
0.018180
0.018180
0.018180
0.018176
0.018175
0.018173
0.018172
0.018171
0.018167
0.018167
0.018167
0.018167
0.018167
0.018167
0.018167
0.018166
0.018165
0.018163
0.018163
0.018161
0.018157
0.018139
0.018138
0.018138
0.018120
0.018111
0.018098
0.018094
0.018076
0.018060
0.018028
0.018028
0.018028
0.018013
0.018002
0.017992
0.017985
0.017963
0.017963
0.017954
0.017954
0.017943
0.017936
0.017930
0.017929
0.017922
0.017908
0.017904
0.017902
0.017902
0.017902
0.017898
0.017894
0.017889
0.017888
0.017888
0.017888
0.017888
0.017883
0.017879
0.017877
0.017876
0.017870
0.017869
0.017867
0.017866
0.017865
0.017865
0.017865
0.017865
0.017863
0.017863
0.017860
0.017860
0.017860
0.017859
0.017854
0.017853
0.017851
0.017851
0.017851
0.017851
0.017850
0.017850
0.017850
0.017850
0.017849
0.017849
0.017849
0.017847
0.017847
0.017844
0.017843
0.017843
0.017842
0.017840
0.017840
0.017838
0.017836
0.017836
0.017835
0.017835
0.017834
0.017832
0.017831
0.017831
0.017830
0.017829
0.017827
0.017820
0.017767
0.017678
0.017663
0.017404
0.017349
0.016834
0.016616
0.016453
0.016453
0.016429
0.016402
0.016362
0.016139
0.015658
0.015425
0.015335
0.015148
0.015076
0.014647
0.014232
0.014111
0.013948
0.013859
0.013832
0.013697
0.013683
0.013678
0.013430
0.013239
0.013187
0.013116
0.012924
0.012854
0.012854
0.012854
0.012853
0.012734
0.012704
0.012704
0.012666
0.012665
0.012664
0.012664
0.012645
0.012636
0.012636
0.012636
0.012522
0.012512
0.012496
0.012462
0.012453
0.012453
0.012453
0.012453
0.012453
0.012435
0.012403
0.012401
0.012401
0.012331
0.012279
0.012260
0.012225
0.012202
0.012159
0.012133
0.012126
0.012098
0.012098
0.012074
0.012052
0.012030
0.012020
0.012020
0.012020
0.012020
0.012005
0.011989
0.011979
0.011973
0.011965
0.011945
0.011940
0.011940
0.011938
0.011932
0.011927
0.011918
0.011905
0.011889
0.011888
0.011883
0.011877
0.011876
0.011876
0.011871
0.011869
0.011869
0.011869
0.011869
0.011821
0.011780
0.011516
0.011513
0.011418
0.011418
0.011415
0.011408
0.011319
0.011211
0.011083
0.010983
0.010982
0.010949
0.010791
0.010763
0.010729
0.010716
0.010644
0.010431
0.010395
0.010349
0.010300
0.010127
0.009993
0.009960
0.009939
0.009898
0.009871
0.009870
0.009852
0.009841
0.009767
0.009722
0.009721
0.009721
0.009687
0.009685
0.009684
0.009678
0.009632
0.009587
0.009568
0.009519
0.009464
0.009453
0.009447
0.009440
0.009414
0.009388
0.009366
0.009359
0.009351
0.009350
0.009348
0.009348
0.009347
0.009347
0.009347
0.009336
0.009336
0.009331
0.009324
0.009318
0.009318
0.009316
0.009305
0.009291
0.009291
0.009290
0.009281
0.009278
0.009276
0.009274
0.009273
0.009273
0.009273
0.009272
0.009272
0.009269
0.009267
0.009264
0.009259
0.009259
0.009257
0.009253
0.009249
0.009247
0.009245
0.009242
0.009241
0.009240
0.009238
0.009237
0.009237
0.009235
0.009232
0.009232
0.009230
0.009228
0.009228
0.009226
0.009224
0.009223
0.009223
0.009223
0.009222
0.009221
0.009220
0.009219
0.009218
0.009218
0.009218
0.009218
0.009218
0.009218
0.009218
0.009217
0.009217
0.009217
0.009217
0.009217
0.009217
0.009217
0.009217
0.009217
0.009217
0.009217
0.009217
0.009217
0.009217
0.009217
0.009217
0.009217
0.009217
0.009217
0.009217
0.009217
0.009217
0.009217
0.009204
0.009178
0.009178
0.009178
0.009170
0.009112
0.008957
0.008957
0.008957
0.008957
0.008957
0.008957
0.008920
0.008920
0.008895
0.008834
0.008798
0.008779
0.008779
0.008779
0.008744
0.008692
0.008650
0.008650
0.008650
0.008650
0.008650
0.008650
0.008630
0.008597
0.008577
0.008566
0.008566
0.008538
0.008511
0.008496
0.008464
0.008460
0.008440
0.008438
0.008438
0.008438
0.008431
0.008415
0.008413
0.008408
0.008405
0.008398
0.008384
0.008383
0.008383
0.008377
0.008373
0.008373
0.008368
0.008364
0.008364
0.008363
0.008362
0.008348
0.008348
0.008343
0.008337
0.008333
0.008333
0.008323
0.008317
0.008316
0.008311
0.008311
0.008309
0.008308
0.008308
0.008307
0.008303
0.008302
0.008302
0.008301
0.008300
0.008297
0.008294
0.008294
0.008293
0.008293
0.008293
0.008293
0.008293
0.008292
0.008291
0.008291
0.008290
0.008290
0.008289
0.008289
0.008287
0.008287
0.008243
0.008243
0.008207
0.008205
0.008203
0.008202
0.008201
0.008201
0.008199
0.008197
0.008197
0.008196
0.008196
0.008195
0.008195
0.008194
0.008194
0.008193
0.008192
0.008191
0.008191
0.008191
0.008190
0.008190
0.008190
0.008190
0.008190
0.008190
0.008190
0.008190
0.008190
0.008190
0.008190
0.008190
0.008190
0.008190
0.008190
0.008190
0.008190
0.008190
0.008190
0.008190
0.008190
0.008190
0.008190
0.008190
0.008190
0.008190
0.008190
0.008190
0.008190
0.008190
0.008190
0.008190
0.008190
0.008190
0.008190
0.008190
0.008190
0.008190
0.008190
0.008189
0.008189
0.008189
0.008189
0.008189
0.008189
0.008189
0.008189
0.008189
0.008189
0.008189
0.008189
0.008181
0.008181
0.008181
0.008181
0.008181
0.008181
0.008175
0.008121
0.008083
0.008082
0.008062
0.008015
0.008001
0.007995
0.007980
0.007979
0.007965
0.007950
0.007940
0.007940
0.007940
0.007940
0.007940
0.007934
0.007921
0.007913
0.007890
0.007890
0.007890
0.007889
0.007879
0.007854
0.007854
0.007832
0.007829
0.007815
0.007799
0.007796
0.007796
0.007790
0.007789
0.007788
0.007779
0.007772
0.007769
0.007765
0.007763
0.007763
0.007762
0.007746
0.007717
0.007711
0.007690
0.007679
0.007666
0.007654
0.007627
0.007604
0.007603
0.007586
0.007568
0.007559
0.007538
0.007523
0.007520
0.007517
0.007515
0.007513
0.007512
0.007491
0.007475
0.007466
0.007460
0.007451
0.007436
0.007436
0.007434
0.007432
0.007426
0.007418
0.007403
0.007387
0.007384
0.007380
0.007355
0.007331
0.007324
0.007178
0.007086
0.007068
0.007008
0.006965
0.006961
0.006961
0.006959
0.006956
0.006950
0.006937
0.006934
0.006899
0.006896
0.006830
0.006776
0.006719
0.006664
0.006654
0.006652
0.006650
0.006627
0.006627
0.006590
0.006559
0.006535
0.006535
0.006509
0.006492
0.006453
0.006453
0.006452
0.006442
0.006438
0.006429
0.006378
0.006372
0.006370
0.006370
0.006370
0.006358
0.006345
0.006331
0.006319
0.006316
0.006310
0.006291
0.006279
0.006271
0.006255
0.006241
0.006239
0.006239
0.006232
0.006223
0.006214
0.006214
0.006206
0.006206
0.006203
0.006203
0.006203
0.006200
0.006188
0.006188
0.006182
0.006182
0.006180
0.006178
0.006175
0.006170
0.006168
0.006167
0.006162
0.006159
0.006159
0.006158
0.006158
0.006155
0.006149
0.006147
0.006145
0.006141
0.006139
0.006139
0.006137
0.006136
0.006136
0.006134
0.006133
0.006130
0.006129
0.006129
0.006127
0.006126
0.006126
0.006123
0.006123
0.006122
0.006105
0.006105
0.006101
0.006078
0.006062
0.006051
0.006051
0.006037
0.006016
0.006008
0.005999
0.005998
0.005998
0.005990
0.005978
0.005971
0.005945
0.005943
0.005935
0.005934
0.005934
0.005934
0.005921
0.005916
0.005916
0.005916
0.005910
0.005908
0.005891
0.005888
0.005888
0.005888
0.005882
0.005872
0.005872
0.005868
0.005856
0.005856
0.005851
0.005851
0.005845
0.005824
0.005819
0.005819
0.005807
0.005796
0.005777
0.005752
0.005733
0.005728
0.005716
0.005709
0.005697
0.005688
0.005678
0.005657
0.005649
0.005641
0.005631
0.005628
0.005627
0.005623
0.005617
0.005609
0.005600
0.005596
0.005596
0.005594
0.005593
0.005593
0.005575
0.005566
0.005550
0.005540
0.005534
0.005531
0.005519
0.005509
0.005503
0.005501
0.005499
0.005493
0.005482
0.005477
0.005476
0.005467
0.005463
0.005459
0.005454
0.005451
0.005451
0.005451
0.005450
0.005447
0.005446
0.005445
0.005444
0.005440
0.005439
0.005436
0.005435
0.005434
0.005434
0.005432
0.005430
0.005429
0.005429
0.005429
0.005428
0.005426
0.005426
0.005426
0.005426
0.005426
0.005425
0.005424
0.005424
0.005423
0.005423
0.005423
0.005423
0.005423
0.005422
0.005421
0.005421
0.005421
0.005421
0.005420
0.005420
0.005420
0.005419
0.005419
0.005419
0.005419
0.005419
0.005419
0.005419
0.005419
0.005418
0.005418
0.005418
0.005417
0.005417
0.005417
0.005417
0.005417
0.005417
0.005417
0.005417
0.005416
0.005416
0.005416
0.005416
0.005416
0.005416
0.005416
0.005416
0.005416
0.005416
0.005416
0.005416
0.005416
0.005416
0.005416
0.005416
0.005416
0.005416
0.005416
0.005416
0.005416
0.005416
0.005416
0.005416
0.005416
0.005416
0.005416
0.005416
0.005416
0.005416
0.005416
0.005416
0.005416
0.005416
0.005416
0.005416
0.005416
0.005416
0.005416
0.005416
0.005416
0.005416
0.005416
0.005416
0.005416
0.005416
0.005416
0.005416
0.005383
0.005383
0.005383
0.005383
0.005383
0.005381
0.005381
0.005381
0.005380
0.005380
0.005377
0.005377
0.005375
0.005375
0.005374
0.005373
0.005373
0.005373
0.005373
0.005373
0.005373
0.005373
0.005371
0.005370
0.005369
0.005368
0.005367
0.005365
0.005365
0.005363
0.005363
0.005362
0.005361
0.005360
0.005359
0.005359
0.005358
0.005357
0.005356
0.005356
0.005356
0.005356
0.005355
0.005354
0.005354
0.005354
0.005353
0.005352
0.005352
0.005352
0.005351
0.005351
0.005351
0.005351
0.005351
0.005351
0.005351
0.005351
0.005351
0.005350
0.005350
0.005350
0.005350
0.005349
0.005349
0.005349
0.005349
0.005349
0.005349
0.005349
0.005349
0.005348
0.005348
0.005348
0.005348
0.005348
0.005345
0.005298
0.005289
0.005267
0.005267
0.005266
0.005266
0.005248
0.005227
0.005204
0.005204
0.005196
0.005180
0.005173
0.005158
0.005138
0.005131
0.005122
0.005115
0.005112
0.005087
0.005074
0.005072
0.005043
0.005032
0.004999
0.004985
0.004984
0.004967
0.004956
0.004954
0.004947
0.004938
0.004938
0.004931
0.004922
0.004914
0.004906
0.004906
0.004906
0.004892
0.004875
0.004874
0.004874
0.004874
0.004874
0.004864
0.004861
0.004859
0.004853
0.004853
0.004838
0.004831
0.004829
0.004828
0.004823
0.004819
0.004819
0.004819
0.004819
0.004819
0.004819
0.004819
0.004819
0.004816
0.004805
0.004802
0.004798
0.004794
0.004791
0.004784
0.004784
0.004782
0.004779
0.004772
0.004759
0.004759
0.004759
0.004759
0.004751
0.004750
0.004750
0.004750
0.004750
0.004746
0.004738
0.004734
0.004731
0.004730
0.004729
0.004729
0.004726
0.004725
0.004724
0.004721
0.004721
0.004717
0.004714
0.004712
0.004711
0.004710
0.004708
0.004708
0.004708
0.004708
0.004708
0.004708
0.004708
0.004707
0.004707
0.004705
0.004705
0.004705
0.004705
0.004704
0.004703
0.004702
0.004702
0.004702
0.004701
0.004701
0.004701
0.004701
0.004701
0.004701
0.004701
0.004701
0.004701
0.004701
0.004701
0.004701
0.004701
0.004701
0.004700
0.004700
0.004699
0.004699
0.004699
0.004699
0.004699
0.004699
0.004699
0.004699
0.004699
0.004698
0.004697
0.004697
0.004697
0.004697
0.004697
0.004697
0.004697
0.004697
0.004697
0.004697
0.004697
0.004697
0.004697
0.004697
0.004697
0.004697
0.004697
0.004697
0.004697
0.004697
0.004697
0.004697
0.004697
0.004697
0.004697
0.004697
0.004697
0.004697
0.004697
0.004697
0.004697
0.004697
0.004697
0.004697
0.004697
0.004697
0.004697
0.004697
0.004697
0.004697
0.004697
0.004697
0.004697
0.004697
0.004697
0.004697
0.004697
0.004697
0.004697
0.004697
0.004697
0.004697
0.004697
0.004697
0.004697
0.004697
0.004697
0.004697
0.004697
0.004697
0.004697
0.004697
0.004697
0.004697
0.004697
0.004697
0.004697
0.004697
0.004697
0.004697
0.004697
0.004697
0.004697
0.004697
0.004697
0.004697
0.004697
0.004696
0.004696
0.004695
0.004694
0.004687
0.004685
0.004679
0.004678
0.004670
0.004664
0.004659
0.004654
0.004652
0.004649
0.004648
0.004647
0.004646
0.004645
0.004642
0.004642
0.004641
0.004639
0.004638
0.004635
0.004634
0.004634
0.004632
0.004632
0.004632
0.004630
0.004628
0.004627
0.004627
0.004626
0.004626
0.004625
0.004625
0.004624
0.004624
0.004624
0.004623
0.004620
0.004619
0.004618
0.004618
0.004617
0.004617
0.004612
0.004611
0.004610
0.004609
0.004608
0.004606
0.004606
0.004605
0.004604
0.004603
0.004601
0.004599
0.004599
0.004598
0.004598
0.004598
0.004598
0.004598
0.004596
0.004596
0.004596
0.004596
0.004596
0.004596
0.004596
0.004595
0.004595
0.004595
0.004594
0.004594
0.004594
0.004593
0.004593
0.004593
0.004593
0.004592
0.004592
0.004592
0.004592
0.004592
0.004592
0.004592
0.004592
0.004592
0.004592
0.004592
0.004592
0.004591
0.004591
0.004590
0.004590
0.004590
0.004589
0.004589
