20.489907
20.342132
20.222126
20.075544
19.908497
19.737924
19.609749
19.463122
19.311600
19.102849
18.897458
18.664988
18.492239
18.315725
18.085504
17.927000
17.739616
17.477474
17.177098
16.958019
16.748406
16.538604
16.334467
16.118819
15.848923
15.560046
15.309998
15.057483
14.823089
14.634290
14.423748
14.144833
13.810194
13.664146
13.417858
13.114781
12.821590
12.558343
12.321145
12.096081
11.861884
11.581460
11.387882
11.172377
10.922592
10.773435
10.636597
10.423121
10.243438
10.058783
9.860576
9.704255
9.490003
9.277917
9.090360
8.924060
8.723581
8.534355
8.382961
8.243494
8.076686
7.920843
7.775492
7.595265
7.425840
7.218811
7.062434
6.880030
6.754032
6.639323
6.526088
6.412316
6.272585
6.175630
6.071683
5.945616
5.857650
5.796431
5.686180
5.591444
5.488502
5.387525
5.285726
5.205632
5.106217
5.023759
4.958125
4.874797
4.775204
4.692711
4.644419
4.602774
4.544826
4.462854
4.400226
4.325339
4.245968
4.180105
4.118404
4.050614
3.991824
3.923610
3.871194
3.823885
3.776682
3.741555
3.696560
3.634747
3.575044
3.514375
3.473184
3.429054
3.384910
3.332794
3.281237
3.231957
3.183786
3.120072
3.069480
3.017163
2.964790
2.919073
2.876118
2.831035
2.789460
2.741296
2.691198
2.643077
2.592725
2.563137
2.511843
2.454592
2.410030
2.354690
2.307805
2.262815
2.227739
2.180085
2.133927
2.092314
2.049456
2.008811
1.960280
1.911644
1.864732
1.814413
1.772505
1.743116
1.688553
1.641186
1.600095
1.543340
1.505285
1.471143
1.424480
1.391448
1.350552
1.312217
1.275577
1.238055
1.199088
1.157758
1.119205
1.075313
1.030852
0.986110
0.934379
0.904818
0.880908
0.850275
0.817901
0.782238
0.750170
0.718808
0.687202
0.647754
0.618381
0.591312
0.571804
0.545868
0.523558
0.498431
0.481908
0.470543
0.455522
0.437219
0.424444
0.408962
0.394499
0.381811
0.368909
0.355855
0.341116
0.325268
0.312623
0.295433
0.282920
0.271675
0.260057
0.251344
0.241975
0.234807
0.229375
0.221801
0.213580
0.205311
0.198002
0.192401
0.186452
0.178124
0.172423
0.165369
0.159231
0.154921
0.150698
0.145669
0.140638
0.137153
0.133173
0.129104
0.126570
0.122946
0.119616
0.116092
0.112328
0.109192
0.106284
0.103212
0.100658
0.098163
0.094121
0.092001
0.089715
0.087644
0.084907
0.082589
0.081472
0.079290
0.078201
0.076861
0.075269
0.073797
0.072201
0.070235
0.069201
0.068044
0.066806
0.065650
0.064810
0.063822
0.062742
0.061290
0.059140
0.057899
0.056783
0.055837
0.054565
0.054017
0.053429
0.052554
0.051957
0.050886
0.050455
0.049989
0.049344
0.048344
0.047175
0.046510
0.045675
0.045057
0.044256
0.043758
0.043251
0.042815
0.042369
0.041924
0.041424
0.040859
0.040415
0.039983
0.039384
0.038781
0.038270
0.037861
0.037315
0.036957
0.036572
0.036286
0.035947
0.035669
0.035397
0.035175
0.034930
0.034569
0.034377
0.034139
0.033988
0.033733
0.033429
0.033222
0.033004
0.032756
0.032517
0.032152
0.031916
0.031700
0.031501
0.031348
0.031184
0.031036
0.030816
0.030694
0.030491
0.030316
0.030203
0.030001
0.029916
0.029832
0.029729
0.029663
0.029559
0.029453
0.029335
0.029177
0.029097
0.029033
0.028924
0.028808
0.028730
0.028602
0.028502
0.028447
0.028381
0.028330
0.028272
0.028213
0.028169
0.028137
0.028114
0.028077
0.028048
0.028005
0.027951
0.027911
0.027875
0.027845
0.027819
0.027773
0.027737
0.027693
0.027660
0.027630
0.027598
0.027566
0.027539
0.027517
0.027502
0.027481
0.027442
0.027411
0.027382
0.027354
0.027330
0.027293
0.027276
0.027264
0.027260
0.027251
0.027242
0.027239
0.027224
0.027206
0.027195
0.027183
0.027174
0.027168
0.027160
0.027156
0.027148
0.027145
0.027141
0.027137
0.027133
0.027129
0.027128
0.027123
0.027121
0.027114
0.027109
0.027103
0.027095
0.027095
0.027094
0.027092
0.027089
0.027087
0.027087
0.027084
0.027079
0.027077
0.027075
0.027072
0.026991
0.026912
0.026851
0.026632
0.026631
0.026630
0.026629
0.026627
0.026623
0.026623
0.026623
0.026621
0.026618
0.026616
0.026616
0.026613
0.026611
0.026610
0.026608
0.026607
0.026605
0.026605
0.026604
0.026603
0.026602
0.026601
0.026601
0.026600
0.026600
0.026599
0.026598
0.026598
0.026597
0.026597
0.026597
0.026597
0.026445
0.025741
0.025398
0.024976
0.024976
0.024976
0.024662
0.024662
0.024661
0.024661
0.024661
0.024507
0.024301
0.024036
0.023872
0.023872
0.023773
0.023116
0.022959
0.022895
0.022738
0.022708
0.022704
0.022636
0.022523
0.022176
0.021809
0.021620
0.021418
0.021202
0.021044
0.020872
0.020848
0.020724
0.020625
0.020432
0.020395
0.020229
0.020124
0.019896
0.019737
0.019500
0.019407
0.019358
0.019280
0.019224
0.019195
0.019049
0.018962
0.018928
0.018897
0.018867
0.018810
0.018765
0.018748
0.018726
0.018632
0.018624
0.018624
0.018595
0.018595
0.018579
0.018545
0.018426
0.018391
0.018368
0.018346
0.018317
0.018317
0.018256
0.018210
0.018208
0.018197
0.018177
0.018131
0.018089
0.018088
0.018053
0.018044
0.018027
0.018022
0.018014
0.017988
0.017698
0.017649
0.017632
0.017496
0.017485
0.016741
0.016320
0.016308
0.016040
0.015730
0.015356
0.015321
0.015320
0.015310
0.015308
0.015299
0.015289
0.015247
0.015241
0.015240
0.015237
0.015235
0.015234
0.015229
0.015227
0.015223
0.015193
0.015089
0.015085
0.015044
0.014984
0.014880
0.014866
0.014863
0.014861
0.014832
0.014832
0.014832
0.014830
0.014829
0.014782
0.014782
0.014741
0.014740
0.014738
0.014721
0.014720
0.014719
0.014697
0.014673
0.014672
0.014661
0.014626
0.014624
0.014624
0.014569
0.014512
0.014500
0.014479
0.014417
0.014412
0.014408
0.014375
0.014335
0.014154
0.014154
0.014154
0.014153
0.014153
0.014074
0.014029
0.013856
0.013729
0.013725
0.013664
0.013618
0.013584
0.013556
0.013556
0.013556
0.013534
0.013511
0.013421
0.013308
0.013288
0.013243
0.013154
0.013136
0.013125
0.013115
0.013099
0.013099
0.013087
0.013064
0.013056
0.013056
0.013056
0.013054
0.013044
0.013042
0.013031
0.013024
0.013013
0.013005
0.013005
0.013000
0.012997
0.012987
0.012984
0.012973
0.012971
0.012961
0.012948
0.012948
0.012946
0.012942
0.012863
0.012769
0.012707
0.012630
0.012539
0.012454
0.012343
0.012343
0.012342
0.012191
0.011988
0.011984
0.011971
0.011968
0.011924
0.011871
0.011797
0.011755
0.011741
0.011726
0.011718
0.011712
0.011693
0.011644
0.011642
0.011631
0.011611
0.011520
0.011516
0.011512
0.011511
0.011511
0.011508
0.011508
0.011508
0.011508
0.011506
0.011506
0.011506
0.011505
0.011505
0.011504
0.011504
0.011504
0.011503
0.011502
0.011497
0.011495
0.011493
0.011493
0.011490
0.011488
0.011485
0.011460
0.011458
0.011451
0.011437
0.011422
0.011399
0.011387
0.011382
0.011350
0.011343
0.011325
0.011313
0.011312
0.011297
0.011281
0.011257
0.011238
0.011099
0.011000
0.010910
0.010904
0.010877
0.010860
0.010854
0.010819
0.010799
0.010767
0.010664
0.010593
0.010589
0.010570
0.010563
0.010561
0.010557
0.010554
0.010550
0.010536
0.010524
0.010509
0.010498
0.010490
0.010485
0.010477
0.010469
0.010467
0.010466
0.010407
0.010386
0.010335
0.010258
0.010220
0.010180
0.010135
0.010127
0.010103
0.010081
0.010069
0.010053
0.010028
0.009938
0.009909
0.009879
0.009869
0.009842
0.009780
0.009762
0.009701
0.009665
0.009659
0.009602
0.009546
0.009536
0.009525
0.009399
0.009323
0.009271
0.009223
0.009189
0.009162
0.009129
0.009105
0.009094
0.009081
0.009081
0.009073
0.009067
0.009059
0.009035
0.009028
0.009027
0.008987
0.008975
0.008940
0.008926
0.008851
0.008789
0.008786
0.008769
0.008763
0.008756
0.008741
0.008726
0.008643
0.008567
0.008534
0.008526
0.008506
0.008488
0.008438
0.008368
0.008355
0.008312
0.008297
0.008275
0.008251
0.008214
0.008202
0.008186
0.008125
0.008046
0.008010
0.007991
0.007926
0.007887
0.007850
0.007807
0.007800
0.007793
0.007750
0.007719
0.007672
0.007643
0.007601
0.007564
0.007533
0.007495
0.007482
0.007482
0.007474
0.007423
0.007403
0.007368
0.007316
0.007302
0.007265
0.007247
0.007200
0.007185
0.007178
0.007173
0.007168
0.007149
0.007108
0.007107
0.007107
0.007096
0.007070
0.007036
0.007027
0.007017
0.007006
0.006997
0.006990
0.006982
0.006979
0.006970
0.006961
0.006929
0.006904
0.006878
0.006865
0.006839
0.006759
0.006613
0.006497
0.006417
0.006260
0.006028
0.005907
0.005716
0.005691
0.005607
0.005546
0.005520
0.005485
0.005431
0.005424
0.005361
0.005333
0.005322
0.005293
0.005204
0.005125
0.005109
0.005012
0.004938
0.004854
0.004832
0.004768
0.004737
0.004662
0.004619
0.004598
0.004574
0.004519
0.004469
0.004452
0.004431
0.004414
0.004410
0.004376
0.004358
0.004356
0.004343
0.004338
0.004335
0.004333
0.004331
0.004322
0.004315
0.004314
0.004307
0.004294
0.004280
0.004252
0.004211
0.004207
0.004181
0.004176
0.004173
0.004165
0.004161
0.004161
0.004159
0.004155
0.004153
0.004151
0.004131
0.004131
0.004118
0.004102
0.004100
0.004085
0.004076
0.004075
0.004073
0.004071
0.004050
0.004048
0.004040
0.004010
0.003972
0.003959
0.003953
0.003945
0.003938
0.003929
0.003916
0.003904
0.003895
0.003873
0.003858
0.003837
0.003819
0.003810
0.003800
0.003774
0.003752
0.003733
0.003709
0.003704
0.003693
0.003663
0.003655
0.003654
0.003650
0.003642
0.003639
0.003636
0.003632
0.003628
0.003624
0.003621
0.003621
0.003618
0.003612
0.003607
0.003604
0.003585
0.003583
0.003540
0.003506
0.003469
0.003449
0.003448
0.003445
0.003445
0.003442
0.003439
0.003434
0.003433
0.003429
0.003422
0.003420
0.003419
0.003417
0.003411
0.003396
0.003393
0.003376
0.003368
0.003360
0.003354
0.003341
0.003333
0.003307
0.003294
0.003288
0.003261
0.003258
0.003247
0.003228
0.003186
0.003174
0.003148
0.003118
0.003101
0.003069
0.003051
0.003042
0.003034
0.003030
0.003019
0.002990
0.002982
0.002971
0.002962
0.002954
0.002934
0.002921
0.002910
0.002896
0.002890
0.002885
0.002875
0.002870
0.002859
0.002851
0.002838
0.002827
0.002804
0.002795
0.002788
0.002784
0.002775
0.002770
0.002742
0.002733
0.002711
0.002682
0.002673
0.002652
0.002639
0.002632
0.002621
0.002619
0.002616
0.002612
0.002608
0.002590
0.002578
0.002564
0.002561
0.002557
0.002555
0.002554
0.002545
0.002535
0.002531
0.002519
0.002513
0.002490
0.002489
0.002485
0.002482
0.002469
0.002468
0.002463
0.002460
0.002456
0.002449
0.002426
0.002400
0.002367
0.002357
0.002344
0.002344
0.002333
0.002332
0.002331
0.002329
0.002326
0.002317
0.002315
0.002310
0.002306
0.002304
0.002303
0.002302
0.002295
0.002285
0.002280
0.002275
0.002269
0.002267
0.002265
0.002255
0.002247
0.002244
0.002234
0.002228
0.002220
0.002218
0.002215
0.002213
0.002211
0.002203
0.002202
0.002198
0.002193
0.002186
0.002180
0.002146
0.002142
0.002136
0.002126
0.002097
0.002067
0.001998
0.001950
0.001903
0.001900
0.001897
0.001880
0.001844
0.001842
0.001822
0.001820
0.001817
0.001816
0.001813
0.001810
0.001806
0.001803
0.001795
0.001792
0.001783
0.001774
0.001773
0.001771
0.001768
0.001763
0.001760
0.001758
0.001754
0.001753
0.001747
0.001746
0.001744
0.001742
0.001741
0.001695
0.001642
0.001625
0.001620
0.001595
0.001586
0.001566
0.001557
0.001546
0.001503
0.001482
0.001451
0.001437
0.001415
0.001413
0.001405
0.001393
0.001379
0.001377
0.001371
0.001365
0.001353
0.001350
0.001346
0.001322
0.001322
0.001320
0.001317
0.001315
0.001306
0.001301
0.001300
0.001299
0.001296
0.001291
0.001281
0.001276
0.001275
0.001272
0.001268
0.001265
0.001261
0.001256
0.001252
0.001250
0.001246
0.001243
0.001240
0.001233
0.001223
0.001220
0.001206
0.001190
0.001182
0.001173
0.001157
0.001149
0.001137
0.001117
0.001109
0.001093
0.001091
0.001087
0.001071
0.001067
0.001061
0.001055
0.001046
0.001043
0.001036
0.001022
0.001010
0.001008
0.001003
0.000999
0.000982
0.000977
0.000972
0.000965
0.000952
0.000950
0.000939
0.000937
0.000935
0.000931
0.000930
0.000920
0.000917
0.000911
0.000906
0.000895
0.000892
0.000880
0.000878
0.000869
0.000867
0.000855
0.000846
0.000842
0.000836
0.000836
0.000833
0.000830
0.000828
0.000826
0.000826
0.000824
0.000823
0.000822
0.000821
0.000820
0.000818
0.000816
0.000815
0.000814
0.000812
0.000802
0.000797
0.000784
0.000777
0.000775
0.000769
0.000768
0.000766
0.000758
0.000752
0.000748
0.000742
0.000739
0.000731
0.000725
0.000723
0.000717
0.000710
0.000706
0.000701
0.000697
0.000693
0.000690
0.000687
0.000686
0.000685
0.000679
0.000676
0.000671
0.000668
0.000667
0.000666
0.000664
0.000663
0.000663
0.000659
0.000658
0.000657
0.000655
0.000642
0.000618
0.000615
0.000589
0.000579
0.000571
0.000565
0.000557
0.000544
0.000539
0.000534
0.000530
0.000524
0.000521
0.000521
0.000520
0.000517
0.000517
0.000514
0.000513
0.000510
0.000509
0.000509
0.000508
0.000507
0.000506
0.000505
0.000505
0.000504
0.000503
0.000501
0.000491
0.000479
0.000468
0.000465
0.000453
0.000449
0.000442
0.000433
0.000429
0.000426
0.000416
0.000410
0.000400
0.000397
0.000392
0.000387
0.000385
0.000383
0.000381
0.000377
0.000376
0.000373
0.000373
0.000368
0.000368
0.000367
0.000365
0.000365
0.000362
0.000362
0.000362
0.000362
0.000362
0.000362
0.000361
0.000361
0.000361
0.000361
0.000361
0.000361
0.000361
0.000359
0.000359
0.000358
0.000357
0.000357
0.000357
0.000356
0.000354
0.000353
0.000352
0.000351
0.000350
0.000349
0.000349
0.000349
0.000348
0.000348
0.000347
0.000346
0.000344
0.000344
0.000343
0.000343
0.000343
0.000343
0.000342
0.000338
0.000338
0.000336
0.000336
0.000335
0.000335
0.000331
0.000331
0.000324
0.000319
0.000318
0.000313
0.000311
0.000309
0.000304
0.000302
0.000302
0.000301
0.000295
0.000288
0.000285
0.000284
0.000281
0.000278
0.000275
0.000275
0.000273
0.000270
0.000268
0.000264
0.000264
0.000262
0.000261
0.000253
0.000247
0.000244
0.000242
0.000241
0.000241
0.000237
0.000237
0.000234
0.000233
0.000233
0.000231
0.000230
0.000230
0.000230
0.000229
0.000228
0.000228
0.000227
0.000226
0.000224
0.000221
0.000217
0.000216
0.000215
0.000214
0.000213
0.000211
0.000210
0.000210
0.000208
0.000208
0.000207
0.000207
0.000206
0.000205
0.000203
0.000203
0.000202
0.000202
0.000202
0.000201
0.000201
0.000201
0.000200
0.000197
0.000195
0.000195
0.000193
0.000192
0.000191
0.000191
0.000189
0.000187
0.000185
0.000184
0.000183
0.000183
0.000181
0.000180
0.000180
0.000179
0.000179
0.000178
0.000175
0.000174
0.000173
0.000172
0.000171
0.000170
0.000169
0.000167
0.000167
0.000165
0.000165
0.000165
0.000164
0.000163
0.000162
0.000162
0.000161
0.000161
0.000160
0.000159
0.000159
0.000159
0.000159
0.000159
0.000159
0.000157
0.000157
0.000157
0.000156
0.000155
0.000155
0.000154
0.000154
0.000154
0.000154
0.000153
0.000151
0.000150
0.000149
0.000147
0.000144
0.000143
0.000143
0.000141
0.000140
0.000139
0.000139
0.000137
0.000137
0.000137
0.000135
0.000134
0.000133
0.000132
0.000131
0.000128
0.000128
0.000127
0.000127
0.000127
0.000126
0.000126
0.000126
0.000125
0.000125
0.000125
0.000124
0.000122
0.000121
0.000121
0.000120
0.000120
0.000119
0.000118
0.000116
0.000115
0.000115
0.000113
0.000113
0.000112
0.000111
0.000110
0.000109
0.000108
0.000107
0.000107
0.000106
0.000106
0.000106
0.000106
0.000105
0.000105
0.000105
0.000105
0.000104
0.000104
0.000103
0.000103
0.000102
0.000102
0.000102
0.000101
0.000101
0.000100
0.000099
0.000099
0.000098
0.000098
0.000098
0.000097
0.000097
0.000097
0.000097
0.000096
0.000096
0.000095
0.000095
0.000095
0.000095
0.000095
0.000094
0.000094
0.000093
0.000093
0.000093
0.000093
0.000093
0.000093
0.000092
0.000092
0.000092
0.000091
0.000091
0.000091
0.000091
0.000089
0.000088
0.000087
0.000086
0.000085
0.000085
0.000085
0.000084
0.000084
0.000084
0.000084
0.000083
0.000083
0.000082
0.000082
0.000081
0.000081
0.000080
0.000080
0.000079
0.000079
0.000079
0.000079
0.000079
0.000079
0.000078
0.000078
0.000078
0.000078
0.000078
0.000078
0.000078
0.000078
0.000078
0.000078
0.000078
0.000078
0.000078
0.000078
0.000078
0.000078
0.000078
0.000078
0.000078
0.000078
0.000078
0.000078
0.000078
0.000078
0.000077
0.000077
0.000077
0.000077
0.000077
0.000077
0.000077
0.000077
0.000077
0.000077
0.000076
0.000076
0.000076
0.000076
0.000076
0.000076
0.000075
0.000075
0.000074
0.000074
0.000074
0.000074
0.000073
0.000073
0.000073
0.000072
0.000072
0.000072
0.000072
0.000071
0.000071
0.000071
0.000071
0.000071
0.000071
0.000071
0.000071
0.000071
0.000071
0.000071
0.000071
0.000071
0.000071
0.000071
0.000071
0.000071
0.000071
0.000071
0.000071
0.000071
0.000071
0.000070
0.000070
0.000070
0.000070
0.000070
0.000070
0.000070
0.000070
0.000069
0.000069
0.000069
0.000069
0.000069
0.000069
0.000069
0.000068
0.000068
0.000068
0.000068
0.000068
0.000068
0.000068
0.000068
0.000068
0.000068
0.000068
0.000068
0.000068
0.000068
0.000068
0.000068
0.000068
0.000068
0.000068
0.000068
0.000068
0.000068
0.000068
0.000068
0.000068
0.000068
0.000066
0.000066
0.000062
0.000059
0.000058
0.000058
0.000058
0.000057
0.000054
0.000053
0.000053
0.000053
0.000052
0.000049
0.000046
0.000045
0.000044
0.000043
0.000041
0.000040
0.000038
0.000038
0.000037
0.000037
0.000036
0.000035
0.000035
0.000034
0.000034
0.000033
0.000032
0.000031
0.000031
0.000031
0.000031
0.000030
0.000030
0.000030
0.000029
0.000029
0.000029
0.000029
0.000028
0.000028
0.000028
0.000028
0.000027
0.000027
0.000027
0.000027
0.000027
0.000026
0.000026
0.000026
0.000026
0.000025
0.000025
0.000025
0.000025
0.000025
0.000025
0.000025
0.000025
0.000024
0.000024
0.000024
0.000024
0.000024
0.000023
0.000023
0.000023
0.000023
0.000023
0.000023
0.000022
0.000022
0.000022
0.000022
0.000022
0.000022
0.000022
0.000022
0.000022
0.000022
0.000022
0.000022
0.000022
0.000021
0.000021
0.000021
0.000021
0.000021
0.000021
0.000021
0.000021
0.000021
0.000021
0.000021
0.000021
0.000021
0.000021
0.000021
0.000020
0.000020
0.000020
0.000020
0.000020
0.000020
0.000020
0.000020
0.000020
0.000020
0.000020
0.000020
0.000020
0.000020
0.000020
0.000020
0.000020
0.000020
0.000020
0.000020
0.000020
0.000020
0.000020
0.000020
0.000020
0.000020
0.000020
0.000020
0.000020
0.000020
0.000020
0.000020
0.000020
0.000020
0.000020
0.000020
0.000020
0.000020
0.000020
0.000020
0.000020
0.000020
0.000020
0.000020
0.000020
0.000020
0.000020
0.000020
0.000020
0.000020
0.000020
0.000020
0.000019
0.000019
0.000019
0.000019
0.000019
0.000019
0.000019
0.000019
0.000019
0.000019
0.000019
0.000019
0.000019
0.000019
0.000018
0.000018
0.000018
0.000018
0.000017
0.000017
0.000017
0.000017
0.000017
0.000017
0.000017
0.000016
0.000016
0.000016
0.000016
0.000016
0.000015
0.000015
0.000015
0.000015
0.000015
0.000014
0.000014
0.000014
0.000014
0.000014
0.000014
0.000014
0.000013
0.000013
0.000013
0.000013
0.000013
0.000013
0.000013
0.000013
0.000012
0.000012
0.000012
0.000012
0.000012
0.000012
0.000012
0.000012
0.000012
0.000012
0.000012
0.000012
0.000012
0.000012
0.000012
0.000011
0.000011
0.000011
0.000011
0.000011
0.000010
0.000010
0.000010
0.000010
0.000010
0.000010
0.000010
0.000010
0.000010
0.000009
0.000009
0.000009
0.000009
0.000009
0.000009
0.000009
0.000009
0.000009
0.000009
0.000009
0.000009
0.000009
0.000009
0.000009
0.000009
0.000009
0.000009
0.000009
0.000009
0.000009
0.000009
0.000009
0.000009
0.000009
0.000009
0.000009
0.000009
0.000009
0.000009
0.000009
0.000009
0.000009
0.000009
0.000009
0.000009
0.000009
0.000009
0.000009
0.000009
0.000009
0.000009
0.000009
0.000009
0.000009
0.000009
0.000009
0.000009
0.000009
0.000009
0.000009
0.000009
0.000009
0.000009
0.000009
0.000009
0.000009
0.000009
0.000009
0.000009
0.000009
0.000009
0.000009
0.000009
0.000009
0.000009
0.000009
0.000009
0.000009
0.000009
0.000009
0.000009
0.000009
0.000009
0.000009
0.000009
0.000008
0.000008
0.000008
0.000008
0.000008
0.000008
0.000008
0.000008
0.000008
0.000008
0.000008
0.000008
0.000008
0.000008
0.000008
0.000008
0.000008
0.000008
0.000008
0.000008
0.000008
0.000008
0.000008
0.000008
0.000008
0.000008
0.000008
0.000008
0.000008
0.000008
0.000008
0.000008
0.000008
0.000008
0.000008
0.000008
0.000008
0.000008
0.000008
0.000008
0.000008
0.000008
0.000008
0.000008
0.000008
0.000008
0.000008
0.000008
0.000008
0.000008
0.000008
0.000008
0.000008
0.000008
0.000008
0.000008
0.000008
0.000008
0.000008
0.000008
0.000008
0.000008
0.000008
0.000008
0.000008
0.000008
0.000008
0.000008
0.000008
0.000008
0.000008
0.000008
0.000008
0.000008
0.000008
0.000007
0.000007
0.000007
0.000007
0.000007
0.000007
0.000007
0.000007
0.000007
0.000007
0.000007
0.000007
0.000007
0.000007
0.000007
0.000007
0.000007
0.000007
0.000007
0.000007
0.000007
0.000007
0.000007
0.000007
0.000007
0.000007
0.000007
0.000007
0.000007
0.000007
0.000007
0.000007
0.000007
0.000007
0.000007
0.000007
0.000007
0.000007
0.000007
0.000007
0.000007
0.000007
0.000007
0.000007
0.000007
0.000007
0.000007
0.000007
0.000007
0.000007
0.000007
0.000007
0.000007
0.000007
0.000007
0.000007
0.000007
0.000007
0.000007
0.000007
0.000007
0.000007
0.000007
0.000007
0.000007
0.000007
0.000006
0.000006
0.000006
0.000006
0.000006
0.000006
0.000006
0.000006
0.000006
0.000006
0.000006
0.000006
0.000006
0.000006
0.000006
0.000006
0.000006
0.000006
0.000006
0.000006
0.000006
0.000006
0.000006
0.000006
0.000006
0.000006
0.000006
0.000006
0.000006
0.000006
0.000006
0.000006
0.000006
0.000006
0.000006
0.000006
0.000006
0.000006
0.000006
0.000006
0.000006
0.000006
0.000006
0.000006
0.000006
0.000006
0.000006
0.000006
0.000006
0.000006
0.000006
0.000006
0.000006
0.000006
0.000006
0.000006
0.000006
0.000006
0.000006
0.000006
0.000006
0.000006
0.000006
0.000006
0.000006
0.000006
0.000006
0.000006
0.000006
0.000006
0.000006
0.000006
0.000006
0.000006
0.000006
0.000006
0.000006
0.000006
0.000006
0.000006
0.000006
0.000006
0.000006
0.000006
0.000006
0.000006
0.000006
0.000006
0.000006
0.000006
0.000006
0.000006
0.000006
0.000006
0.000006
0.000006
0.000006
0.000006
0.000006
0.000006
0.000006
0.000006
0.000006
0.000006
0.000006
0.000006
0.000006
0.000006
0.000006
0.000006
0.000006
0.000006
0.000006
0.000006
0.000006
0.000006
0.000006
0.000006
0.000005
0.000005
0.000005
0.000005
0.000005
0.000005
0.000005
0.000005
0.000005
0.000005
0.000005
0.000005
0.000005
0.000005
0.000005
0.000005
0.000005
0.000005
0.000005
0.000005
0.000005
0.000005
0.000005
0.000005
0.000005
0.000005
0.000004
0.000004
0.000004
0.000004
0.000004
0.000004
0.000004
0.000004
0.000004
0.000004
0.000004
0.000004
0.000004
0.000004
0.000004
0.000004
0.000004
0.000004
0.000004
0.000004
0.000004
0.000004
0.000004
0.000004
0.000004
0.000004
0.000004
0.000004
0.000004
0.000004
0.000004
0.000004
0.000003
0.000003
0.000003
0.000003
0.000003
0.000003
0.000003
0.000003
0.000003
0.000003
0.000003
0.000003
0.000003
0.000003
0.000003
0.000003
0.000003
0.000003
0.000003
0.000003
0.000003
0.000003
0.000003
0.000003
0.000003
0.000003
0.000003
0.000003
0.000003
0.000003
0.000003
0.000003
0.000003
0.000003
0.000003
0.000003
0.000003
0.000003
0.000003
0.000003
0.000003
0.000003
0.000003
0.000003
0.000003
0.000003
0.000003
0.000003
0.000003
0.000003
0.000003
0.000003
0.000003
0.000003
0.000003
0.000003
0.000003
0.000003
0.000003
0.000003
0.000003
0.000003
0.000003
0.000003
0.000003
0.000003
0.000003
0.000003
0.000003
0.000003
0.000003
0.000003
0.000003
0.000003
0.000003
0.000003
0.000003
0.000003
0.000003
0.000003
0.000002
0.000002
0.000002
0.000002
0.000002
0.000002
0.000002
0.000002
0.000002
0.000002
0.000002
0.000002
0.000002
0.000002
0.000002
0.000002
0.000002
0.000002
0.000002
0.000002
0.000002
0.000002
0.000002
0.000002
0.000002
0.000002
0.000002
0.000002
0.000002
0.000002
0.000002
0.000002
0.000002
0.000002
0.000002
0.000002
0.000002
0.000002
0.000002
0.000002
0.000002
0.000002
0.000002
0.000002
0.000002
0.000002
0.000002
0.000002
0.000002
0.000002
0.000002
0.000002
0.000002
0.000002
0.000002
0.000002
0.000002
0.000002
0.000002
0.000002
0.000002
0.000002
0.000002
0.000002
0.000002
0.000002
0.000002
0.000002
0.000002
0.000002
0.000002
0.000002
0.000002
0.000002
0.000002
0.000002
0.000002
0.000002
0.000002
0.000002
0.000002
0.000002
0.000002
0.000002
0.000002
0.000002
0.000002
0.000002
0.000002
0.000002
0.000002
0.000002
0.000002
0.000002
0.000002
0.000002
0.000002
0.000002
0.000002
0.000002
0.000002
0.000002
0.000002
0.000002
0.000002
0.000002
0.000002
0.000002
0.000002
0.000002
0.000002
0.000002
0.000002
0.000002
0.000002
0.000002
0.000002
0.000002
0.000002
0.000002
0.000002
0.000002
0.000002
0.000002
0.000002
0.000002
0.000002
0.000002
0.000002
0.000002
0.000002
0.000002
0.000002
0.000001
0.000001
0.000001
0.000001
0.000001
0.000001
0.000001
0.000001
0.000001
0.000001
0.000001
0.000001
0.000001
0.000001
0.000001
0.000001
0.000001
0.000001
0.000001
0.000001
0.000001
0.000001
0.000001
0.000001
0.000001
0.000001
0.000001
0.000001
0.000001
0.000001
0.000001
0.000001
0.000001
0.000001
0.000001
0.000001
0.000001
0.000001
0.000001
0.000001
0.000001
0.000001
0.000001
0.000001
0.000001
0.000001
0.000001
0.000001
0.000001
0.000001
0.000001
0.000001
0.000001
0.000001
0.000001
0.000001
0.000001
0.000001
0.000001
0.000001
0.000001
0.000001
0.000001
0.000001
0.000001
0.000001
0.000001
0.000001
0.000001
0.000001
0.000001
0.000001
0.000001
0.000001
0.000001
0.000001
0.000001
0.000001
0.000001
0.000001
0.000001
0.000001
0.000001
0.000001
0.000001
0.000001
0.000001
0.000001
0.000001
0.000001
0.000001
0.000001
0.000001
0.000001
0.000001
0.000001
0.000001
0.000001
0.000001
0.000001
0.000001
0.000001
0.000001
0.000001
0.000001
0.000001
0.000001
0.000001
0.000001
0.000001
0.000001
0.000001
0.000001
0.000001
0.000001
0.000001
0.000001
0.000001
0.000001
0.000001
0.000001
0.000001
0.000001
0.000001
0.000001
0.000001
0.000001
0.000001
0.000001
0.000001
0.000001
0.000001
0.000001
0.000001
0.000001
0.000001
0.000001
0.000001
0.000001
0.000001
0.000001
0.000001
0.000001
0.000001
0.000001
0.000001
0.000001
0.000001
0.000001
0.000001
0.000001
0.000001
0.000001
0.000001
0.000001
0.000001
0.000001
0.000001
0.000001
0.000001
0.000001
0.000001
0.000001
0.000001
0.000001
0.000001
0.000001
0.000001
0.000001
0.000001
0.000001
0.000001
0.000001
0.000001
0.000001
0.000001
0.000001
0.000001
0.000001
0.000001
0.000001
0.000001
0.000001
0.000001
0.000001
0.000001
0.000001
0.000001
0.000001
0.000001
0.000001
0.000001
0.000001
0.000001
0.000001
0.000001
0.000001
0.000001
0.000001
0.000001
0.000001
0.000001
0.000001
0.000001
0.000001
0.000001
0.000001
0.000001
0.000001
0.000001
0.000001
0.000001
0.000001
0.000001
0.000001
0.000001
0.000001
0.000001
0.000001
0.000001
0.000001
0.000001
0.000001
0.000001
0.000001
0.000001
0.000001
0.000001
0.000001
0.000001
0.000001
0.000001
0.000001
0.000001
0.000001
0.000001
0.000001
0.000001
0.000001
0.000001
0.000001
0.000001
0.000001
0.000001
0.000001
0.000001
0.000001
0.000001
0.000001
0.000001
0.000001
0.000001
0.000001
0.000001
0.000001
0.000001
0.000001
0.000001
0.000001
0.000001
0.000001
0.000001
0.000001
0.000001
0.000001
0.000001
0.000001
0.000001
0.000001
0.000001
0.000001
0.000001
0.000001
0.000001
0.000001
0.000001
0.000001
0.000001
0.000001
0.000001
0.000001
0.000001
0.000001
0.000001
0.000001
0.000001
0.000001
0.000001
0.000001
0.000001
0.000001
0.000001
0.000001
0.000001
0.000001
0.000001
0.000001
0.000001
0.000001
0.000001
0.000001
0.000001
0.000001
0.000001
0.000001
0.000001
0.000001
0.000001
0.000001
0.000001
0.000001
0.000001
0.000001
0.000001
0.000001
0.000001
0.000001
0.000001
0.000001
0.000001
0.000000
0.000000
0.000000
0.000000
0.000000
0.000000
0.000000
0.000000
0.000000
0.000000
0.000000
0.000000
0.000000
0.000000
0.000000
0.000000
0.000000
0.000000
0.000000
0.000000
0.000000
0.000000
0.000000
0.000000
0.000000
0.000000
0.000000
0.000000
0.000000
0.000000
0.000000
0.000000
0.000000
0.000000
0.000000
0.000000
0.000000
0.000000
0.000000
0.000000
0.000000
0.000000
0.000000
0.000000
0.000000
0.000000
0.000000
0.000000
0.000000
0.000000
0.000000
0.000000
0.000000
0.000000
0.000000
0.000000
0.000000
0.000000
0.000000
0.000000
0.000000
0.000000
0.000000
0.000000
0.000000
0.000000
0.000000
0.000000
0.000000
0.000000
0.000000
0.000000
0.000000
0.000000
0.000000
0.000000
0.000000
0.000000
0.000000
0.000000
0.000000
0.000000
0.000000
0.000000
0.000000
0.000000
0.000000
0.000000
0.000000
0.000000
0.000000
0.000000
0.000000
0.000000
0.000000
0.000000
0.000000
0.000000
0.000000
0.000000
0.000000
0.000000
0.000000
0.000000
0.000000
0.000000
0.000000
0.000000
0.000000
0.000000
0.000000
0.000000
0.000000
0.000000
0.000000
0.000000
0.000000
0.000000
0.000000
0.000000
0.000000
0.000000
0.000000
0.000000
0.000000
0.000000
0.000000
0.000000
0.000000
0.000000
0.000000
0.000000
0.000000
0.000000
0.000000
0.000000
0.000000
0.000000
0.000000
0.000000
0.000000
0.000000
0.000000
0.000000
0.000000
0.000000
0.000000
0.000000
0.000000
0.000000
0.000000
0.000000
0.000000
0.000000
0.000000
0.000000
0.000000
0.000000
0.000000
0.000000
0.000000
0.000000
0.000000
0.000000
0.000000
0.000000
0.000000
0.000000
0.000000
0.000000
0.000000
0.000000
0.000000
0.000000
0.000000
0.000000
0.000000
0.000000
0.000000
0.000000
0.000000
0.000000
0.000000
0.000000
0.000000
0.000000
0.000000
0.000000
0.000000
0.000000
0.000000
0.000000
0.000000
0.000000
0.000000
0.000000
0.000000
0.000000
0.000000
0.000000
0.000000
0.000000
0.000000
0.000000
0.000000
0.000000
0.000000
0.000000
0.000000
0.000000
0.000000
0.000000
0.000000
0.000000
0.000000
0.000000
0.000000
0.000000
0.000000
0.000000
0.000000
0.000000
0.000000
0.000000
0.000000
0.000000
0.000000
0.000000
0.000000
0.000000
0.000000
0.000000
0.000000
0.000000
0.000000
0.000000
0.000000
0.000000
0.000000
0.000000
0.000000
0.000000
0.000000
0.000000
0.000000
0.000000
0.000000
0.000000
0.000000
0.000000
0.000000
0.000000
0.000000
0.000000
0.000000
0.000000
0.000000
0.000000
0.000000
0.000000
0.000000
0.000000
0.000000
0.000000
0.000000
0.000000
0.000000
0.000000
0.000000
0.000000
0.000000
0.000000
0.000000
0.000000
0.000000
0.000000
0.000000
0.000000
0.000000
0.000000
0.000000
0.000000
0.000000
0.000000
0.000000
0.000000
0.000000
0.000000
0.000000
0.000000
0.000000
0.000000
0.000000
0.000000
0.000000
0.000000
0.000000
0.000000
0.000000
0.000000
0.000000
0.000000
0.000000
0.000000
0.000000
0.000000
0.000000
0.000000
0.000000
0.000000
0.000000
0.000000
0.000000
0.000000
0.000000
0.000000
0.000000
0.000000
0.000000
0.000000
0.000000
0.000000
0.000000
0.000000
0.000000
0.000000
0.000000
0.000000
0.000000
0.000000
0.000000
0.000000
0.000000
0.000000
0.000000
0.000000
0.000000
0.000000
0.000000
0.000000
0.000000
0.000000
0.000000
0.000000
0.000000
0.000000
0.000000
0.000000
0.000000
0.000000
0.000000
0.000000
0.000000
0.000000
0.000000
0.000000
0.000000
0.000000
0.000000
0.000000
0.000000
0.000000
0.000000
0.000000
0.000000
0.000000
0.000000
0.000000
0.000000
0.000000
0.000000
0.000000
0.000000
0.000000
0.000000
0.000000
0.000000
0.000000
0.000000
0.000000
0.000000
0.000000
0.000000
0.000000
0.000000
0.000000
0.000000
0.000000
0.000000
0.000000
0.000000
0.000000
0.000000
0.000000
0.000000
0.000000
0.000000
0.000000
0.000000
0.000000
0.000000
0.000000
0.000000
0.000000
0.000000
0.000000
0.000000
0.000000
0.000000
0.000000
0.000000
0.000000
0.000000
0.000000
0.000000
0.000000
0.000000
0.000000
0.000000
0.000000
0.000000
0.000000
0.000000
0.000000
0.000000
0.000000
0.000000
0.000000
0.000000
0.000000
0.000000
0.000000
0.000000
0.000000
0.000000
0.000000
0.000000
0.000000
0.000000
0.000000
0.000000
0.000000
0.000000
0.000000
0.000000
0.000000
0.000000
0.000000
0.000000
0.000000
0.000000
0.000000
0.000000
0.000000
0.000000
0.000000
0.000000
0.000000
0.000000
0.000000
0.000000
0.000000
0.000000
0.000000
0.000000
0.000000
0.000000
0.000000
0.000000
0.000000
0.000000
0.000000
0.000000
0.000000
0.000000
0.000000
0.000000
0.000000
0.000000
0.000000
0.000000
0.000000
0.000000
0.000000
0.000000
0.000000
0.000000
0.000000
0.000000
0.000000
0.000000
0.000000
0.000000
0.000000
0.000000
0.000000
0.000000
0.000000
0.000000
0.000000
0.000000
0.000000
0.000000
0.000000
0.000000
0.000000
0.000000
0.000000
0.000000
0.000000
0.000000
0.000000
0.000000
0.000000
0.000000
0.000000
0.000000
0.000000
0.000000
0.000000
0.000000
0.000000
0.000000
0.000000
0.000000
0.000000
0.000000
0.000000
0.000000
0.000000
0.000000
0.000000
0.000000
0.000000
0.000000
0.000000
0.000000
0.000000
0.000000
0.000000
0.000000
0.000000
0.000000
0.000000
0.000000
0.000000
0.000000
0.000000
0.000000
0.000000
0.000000
0.000000
0.000000
0.000000
