0.003956
0.007454
0.011634
0.015622
0.020136
0.024520
0.028610
0.033040
0.037121
0.041239
0.045292
0.049971
0.055094
0.059533
0.063870
0.068516
0.073148
0.077222
0.080938
0.084382
0.088071
0.091926
0.095346
0.099239
0.102824
0.106947
0.110162
0.114294
0.117718
0.121565
0.124968
0.128936
0.132406
0.136307
0.139845
0.143699
0.147154
0.150888
0.154656
0.158355
0.161931
0.165783
0.169373
0.173378
0.176934
0.181016
0.184473
0.188280
0.191721
0.195491
0.198950
0.202868
0.206589
0.210202
0.213931
0.217619
0.221374
0.224962
0.228848
0.232390
0.236286
0.239863
0.243590
0.247087
0.250646
0.254523
0.258227
0.262165
0.265534
0.269359
0.273126
0.276710
0.280539
0.283995
0.288040
0.291489
0.295427
0.299153
0.302947
0.306479
0.310190
0.313899
0.317713
0.321295
0.325139
0.328903
0.332468
0.336029
0.339881
0.343481
0.347158
0.350699
0.354674
0.358412
0.361954
0.365728
0.369405
0.373016
0.376764
0.380537
0.383970
0.387826
0.391390
0.395320
0.398906
0.402813
0.406359
0.410176
0.414033
0.417626
0.421605
0.425057
0.428820
0.432493
0.435874
0.439676
0.443212
0.447290
0.450700
0.454611
0.458025
0.462070
0.465456
0.469371
0.473068
0.476708
0.480356
0.484018
0.487908
0.491394
0.495390
0.498875
0.502677
0.506089
0.509848
0.513545
0.517427
0.521035
0.524853
0.528637
0.532066
0.536031
0.539522
0.543336
0.547165
0.551088
0.554656
0.558423
0.562001
0.565882
0.569404
0.573303
0.576830
0.580593
0.584289
0.587816
0.591504
0.595226
0.598997
0.602653
0.606651
0.609999
0.613965
0.617399
0.621420
0.625037
0.628812
0.632411
0.635824
0.639899
0.643253
0.647169
0.650439
0.654629
0.657871
0.661854
0.665687
0.669043
0.673079
0.676492
0.680264
0.683914
0.687629
0.691482
0.694927
0.698714
0.702306
0.706130
0.709649
0.713624
0.717074
0.721088
0.724653
0.728219
0.732149
0.735709
0.739519
0.743115
0.746822
0.750555
0.754218
0.758011
0.762111
0.766669
0.770937
0.775827
0.780172
0.784144
0.787975
0.791895
0.795880
0.800698
0.805209
0.810095
0.814827
0.819441
0.823825
0.827406
0.831234
0.834820
0.838558
0.842108
0.845875
0.849664
0.853320
0.857018
0.860397
0.864398
0.867858
0.871755
0.875302
0.879035
0.882559
0.886404
0.890142
0.893603
0.897561
0.901037
0.904960
0.908531
0.912205
0.916066
0.919550
0.923501
0.926889
0.930680
0.933994
0.938012
0.941513
0.945273
0.948902
0.952697
0.956131
0.959969
0.963629
0.967200
0.970997
0.974562
0.978340
0.981862
0.985633
0.989235
0.993104
0.996618
1.000296
1.003934
1.007589
1.011305
1.014950
1.018713
1.022336
1.026158
1.029866
1.033513
1.037153
1.040686
1.044257
1.048060
1.051874
1.055479
1.059303
1.062501
1.066387
1.069957
1.073623
1.077292
1.081107
1.084893
1.088428
1.092315
1.095606
1.099604
1.103066
1.107090
1.110482
1.114502
1.118168
1.121702
1.125238
1.128935
1.132779
1.136321
1.140169
1.143898
1.147569
1.151194
1.154719
1.158540
1.162018
1.165998
1.169479
1.173381
1.177053
1.180860
1.184385
1.188062
1.191958
1.195401
1.199343
1.203011
1.206666
1.210280
1.214131
1.217936
1.221496
1.225387
1.228820
1.232933
1.236224
1.240362
1.243933
1.247762
1.251237
1.254793
1.258661
1.262281
1.266299
1.269668
1.273467
1.277075
1.280968
1.284805
1.288387
1.292235
1.295825
1.299536
1.303467
1.307200
1.310766
1.314605
1.318265
1.322095
1.325819
1.329570
1.333249
1.336713
1.340793
1.344230
1.348230
1.351801
1.355829
1.359279
1.363237
1.366867
1.370552
1.374167
1.377900
1.381702
1.385202
1.389214
1.392845
1.396718
1.400403
1.404242
1.407921
1.411680
1.415408
1.418992
1.422907
1.426514
1.430551
1.434149
1.437787
1.441860
1.445668
1.449225
1.453170
1.456762
1.460565
1.464232
1.468038
1.471763
1.475566
1.479170
1.482910
1.486891
1.490135
1.494198
1.497865
1.501587
1.505443
1.509174
1.513106
1.517290
1.522259
1.526315
1.530136
1.534829
1.538922
1.543741
1.547825
1.552118
1.557206
1.562289
1.567439
1.571733
1.575421
1.579388
1.582807
1.586775
1.590389
1.594098
1.597844
1.601593
1.605260
1.608779
1.612685
1.616193
1.620272
1.623815
1.627624
1.631340
1.635140
1.638699
1.642476
1.646227
1.649860
1.653581
1.657399
1.660809
1.664707
1.668273
1.672078
1.675821
1.679226
1.682931
1.686764
1.690519
1.694231
1.697993
1.701519
1.705404
1.708906
1.712654
1.716122
1.720144
1.723872
1.727496
1.731281
1.734982
1.738834
1.742318
1.746061
1.749499
1.753416
1.756869
1.760958
1.764347
1.768163
1.771680
1.775551
1.779364
1.783132
1.786685
1.790656
1.793966
1.797855
1.801285
1.805360
1.808662
1.812735
1.816196
1.819766
1.823680
1.826853
1.831069
1.834156
1.838538
1.841581
1.845848
1.848982
1.853211
1.856711
1.860434
1.864112
1.868009
1.871726
1.875454
1.879392
1.883369
1.886728
1.890628
1.894191
1.898164
1.901769
1.905517
1.909156
1.912962
1.916691
1.920106
1.923873
1.927870
1.931816
1.935594
1.939560
1.943238
1.947128
1.950745
1.954592
1.958174
1.962070
1.965731
1.969598
1.973190
1.977040
1.980761
1.984792
1.988419
1.992464
1.996192
2.000136
2.003954
2.007598
2.011420
2.014952
2.018801
2.022521
2.026510
2.029891
2.033950
2.037353
2.041267
2.044835
2.048454
2.052343
2.055677
2.059760
2.063385
2.067163
2.070705
2.074314
2.078035
2.081685
2.085825
2.089162
2.092995
2.096593
2.100459
2.104217
2.107564
2.111508
2.114886
2.118810
2.122404
2.126201
2.129858
2.133756
2.137242
2.141229
2.144756
2.148573
2.152096
2.155753
2.159697
2.163244
2.167102
2.170681
2.174441
2.177892
2.181743
2.185398
2.189140
2.193294
2.196676
2.200747
2.204023
2.208052
2.211482
2.215478
2.218956
2.222989
2.226669
2.230511
2.234098
2.237613
2.241594
2.244908
2.248958
2.252572
2.256167
2.260283
2.263635
2.267904
2.271767
2.276370
2.280649
2.285081
2.289328
2.293643
2.298048
2.302187
2.306414
2.311810
2.316773
2.320977
2.325128
2.329620
2.333328
2.337187
2.340919
2.344804
2.348331
2.352111
2.355760
2.359649
2.363392
2.366873
2.370676
2.374183
2.378004
2.381746
2.385339
2.389161
2.392683
2.396566
2.400065
2.403818
2.407497
2.411181
2.415134
2.418544
2.422394
2.425921
2.429638
2.433390
2.437102
2.440617
2.444580
2.448222
2.451953
2.455738
2.459323
2.463094
2.466817
2.470361
2.474259
2.477729
2.481690
2.485172
2.489186
2.492516
2.496613
2.499910
2.503951
2.507314
2.511336
2.514768
2.518711
2.522205
2.526138
2.529734
2.533428
2.536839
2.540795
2.544308
2.548101
2.551672
2.555340
2.559027
2.562874
2.566799
2.570472
2.574332
2.577981
2.581901
2.585577
2.589168
2.592951
2.596356
2.600447
2.603921
2.607645
2.611451
2.615043
2.618900
2.622415
2.626350
2.629847
2.634001
2.637454
2.641428
2.644964
2.648792
2.652337
2.656024
2.659766
2.663287
2.667304
2.670741
2.674674
2.678204
2.682022
2.685536
2.689324
2.693119
2.696501
2.700479
2.703947
2.707777
2.711235
2.715167
2.718677
2.722603
2.726084
2.729912
2.733544
2.737254
2.740818
2.744679
2.748246
2.751938
2.755798
2.759411
2.763167
2.766771
2.770338
2.774199
2.777741
2.781932
2.785123
2.789203
2.792521
2.796505
2.799822
2.804045
2.807232
2.811111
2.814789
2.818418
2.822114
2.825495
2.829610
2.832859
2.836820
2.840224
2.844105
2.847890
2.851432
2.855026
2.858736
2.862467
2.866204
2.869810
2.873703
2.877850
2.881367
2.885230
2.888753
2.892559
2.896317
2.899659
2.903705
2.907145
2.911204
2.914432
2.918554
2.922038
2.926083
2.929565
2.933238
2.937053
2.940639
2.944512
2.948056
2.951776
2.955443
2.959120
2.962867
2.966486
2.970116
2.973950
2.977426
2.981178
2.984737
2.988647
2.992210
2.996330
2.999514
3.003654
3.007023
3.010978
3.014536
3.018396
3.022899
3.027558
3.031443
3.036008
3.040497
3.045016
3.049245
3.053502
3.058199
3.063238
3.067628
3.072284
3.076297
3.080637
3.084521
3.088203
3.091939
3.095670
3.099577
3.103034
3.106691
3.110473
3.113982
3.117925
3.121578
3.125273
3.128863
3.132727
3.136328
3.140009
3.143783
3.147575
3.151470
3.154938
3.158826
3.162195
3.166412
3.169565
3.173892
3.177345
3.181472
3.184831
3.188815
3.192358
3.196144
3.199648
3.203351
3.207119
3.210814
3.214565
3.218267
3.221942
3.225619
3.229496
3.233077
3.236638
3.240538
3.244193
3.248041
3.251563
3.255382
3.259205
3.262762
3.266767
3.270244
3.274099
3.277455
3.281442
3.284954
3.288818
3.292497
3.296282
3.299813
3.303512
3.307106
3.310820
3.314701
3.318275
3.322044
3.325610
3.329331
3.332941
3.336714
3.340365
3.344126
3.347801
3.351460
3.355268
3.359036
3.362734
3.366427
3.370462
3.373993
3.377590
3.381203
3.384993
3.388475
3.392328
3.395818
3.399832
3.403408
3.407111
3.410911
3.414575
3.417993
3.422029
3.425331
3.429364
3.432906
3.436793
3.440498
3.444341
3.447841
3.451694
3.455310
3.459021
3.462631
3.466431
3.470170
3.473987
3.477703
3.481389
3.484911
3.488699
3.492290
3.495980
3.499783
3.503388
3.507170
3.510951
3.514696
3.518201
3.521997
3.525532
3.529307
3.533130
3.536829
3.540559
3.544076
3.547858
3.551569
3.555477
3.559141
3.562830
3.566638
3.570228
3.573905
3.577687
3.581437
3.585196
3.588755
3.592598
3.596316
3.599984
3.603649
3.607292
3.611082
3.614511
3.618272
3.621743
3.625621
3.629345
3.633064
3.636682
3.640306
3.643931
3.647715
3.651506
3.655081
3.658879
3.662317
3.666196
3.669789
3.673706
3.677223
3.681067
3.684627
3.688594
3.692043
3.696078
3.699631
3.703500
3.706825
3.710707
3.714333
3.718072
3.721729
3.725654
3.729252
3.733071
3.736814
3.740591
3.744492
3.748229
3.752025
3.755757
3.759454
3.763176
3.766885
3.770780
3.774986
3.779330
3.783799
3.788614
3.794085
3.798649
3.803029
3.807902
3.812285
3.816394
3.820668
3.824736
3.828813
3.832586
3.836409
3.840026
3.843618
3.847555
3.851104
3.854999
3.858593
3.862506
3.866117
3.870101
3.873547
3.877474
3.880846
3.885072
3.888647
3.892994
3.896792
3.900828
3.904237
3.908128
3.911896
3.915910
3.919512
3.923357
3.926817
3.930917
3.934181
3.938409
3.941825
3.945894
3.949353
3.953107
3.956795
3.960523
3.964283
3.968080
3.971640
3.975461
3.979185
3.982371
3.986438
3.989834
3.993897
3.997451
4.001262
4.005054
4.008626
4.012540
4.015985
4.019870
4.023406
4.027264
4.030849
4.034591
4.038526
4.042089
4.045901
4.049404
4.053331
4.056786
4.060611
4.064243
4.068230
4.071828
4.075664
4.079135
4.082882
4.086639
4.090341
4.093876
4.097863
4.101221
4.105165
4.108778
4.112537
4.116167
4.119866
4.123603
4.127303
4.130932
4.134708
4.138500
4.141899
4.145628
4.149519
4.153223
4.156657
4.160679
4.164204
4.167910
4.171679
4.175376
4.179059
4.182886
4.186470
4.190153
4.194003
4.197683
4.201688
4.205167
4.208960
4.212413
4.216224
4.219872
4.223549
4.227380
4.230836
4.234584
4.238400
4.241888
4.245858
4.249260
4.253321
4.256840
4.260854
4.264615
4.268241
4.271996
4.275598
4.279407
4.282961
4.286817
4.290426
4.294200
4.297936
4.301518
4.305490
4.309039
4.312980
4.316486
4.320447
4.323848
4.327669
4.331195
4.335057
4.338682
4.342237
4.345960
4.349534
4.353300
4.356766
4.360872
4.364405
4.368229
4.371662
4.375618
4.379039
4.382833
4.386728
4.390189
4.394038
4.397551
4.401499
4.405075
4.408887
4.412565
4.416239
4.420004
4.423540
4.427399
4.430802
4.434755
4.438489
4.442216
4.446039
4.449762
4.453170
4.456890
4.460747
4.464405
4.468237
4.471997
4.475528
4.479688
4.482911
4.486993
4.490393
4.494243
4.497936
4.501965
4.505572
4.509451
4.513217
4.516887
4.520903
4.524887
4.529302
4.533502
4.539043
4.543566
4.547795
4.552407
4.557100
4.562040
4.566654
4.570552
4.574661
4.578909
4.583018
4.586942
4.590378
4.594354
4.597919
4.601965
4.605604
4.609411
4.612932
4.616682
4.620366
4.624111
4.627752
4.631423
4.634938
4.638606
4.642343
4.645919
4.649765
4.653251
4.657298
4.660681
4.664718
4.667950
4.672343
4.675580
4.679702
4.682885
4.686972
4.690510
4.694143
4.697916
4.701598
4.705320
4.709062
4.712503
4.716371
4.719972
4.723865
4.727200
4.731252
4.734634
4.738487
4.742196
4.745999
4.749687
4.753377
4.757268
4.760645
4.764626
4.768033
4.771950
4.775380
4.779380
4.783030
4.787038
4.790379
4.794115
4.797711
4.801406
4.805100
4.808824
4.812408
4.816329
4.819819
4.823449
4.827229
4.831140
4.834648
4.838467
4.842004
4.845759
4.849351
4.852907
4.856732
4.860462
4.864260
4.867730
4.871607
4.875132
4.878962
4.882480
4.886237
4.889948
4.893786
4.897397
4.901363
4.904813
4.908707
4.912137
4.915786
4.919426
4.923226
4.926821
4.930870
4.934313
4.938422
4.941891
4.945832
4.949231
4.953080
4.956825
4.960206
4.964229
4.967855
4.971698
4.975467
4.978977
4.982867
4.986344
4.990165
4.993637
4.997634
5.000908
5.004842
5.008450
5.012186
5.015790
5.019464
5.023350
5.026789
5.030809
5.033978
5.038097
5.041449
5.045322
5.049109
5.052573
5.056488
5.060100
5.063831
5.067513
5.071308
5.074915
5.078339
5.082392
5.085932
5.089684
5.093318
5.097143
5.100667
5.104509
5.108132
5.111926
5.115657
5.119230
5.123076
5.126660
5.130381
5.133769
5.137517
5.141434
5.144865
5.148961
5.152406
5.156320
5.159746
5.163577
5.167444
5.171024
5.174833
5.178401
5.182320
5.186078
5.189531
5.193481
5.196964
5.200908
5.204270
5.208273
5.211874
5.215670
5.219273
5.222921
5.226690
5.230504
5.234014
5.237814
5.241428
5.245101
5.248617
5.252716
5.256236
5.259951
5.263528
5.267384
5.270915
5.275165
5.279290
5.283567
5.288167
5.292913
5.297519
5.301739
5.306872
5.310796
5.314829
5.318761
5.323661
5.328851
5.333054
5.337146
5.340563
5.344456
5.348058
5.351917
5.355383
5.359142
5.362858
5.366578
5.370195
5.373736
5.377751
5.380963
5.385089
5.388384
5.392233
5.395859
5.399530
5.403204
5.406848
5.410686
5.414384
5.418033
5.421796
5.425180
5.429219
5.432632
5.436667
5.440057
5.444025
5.447509
5.451376
5.455103
5.458816
5.462696
5.466319
5.470070
5.473589
5.477268
5.481153
5.484791
5.488612
5.492138
5.496049
5.499464
5.503373
5.506930
5.510913
5.514206
5.518132
5.521672
5.525351
5.529140
5.532783
5.536678
5.540180
5.544010
5.547509
5.551372
5.554843
5.558791
5.562467
5.566093
5.569719
5.573238
5.576978
5.580755
5.584545
5.588135
5.592032
5.595548
5.599522
5.603046
5.606663
5.610350
5.613996
5.617723
5.621444
5.625215
5.628830
5.632454
5.636205
5.639811
5.643462
5.647186
5.650822
5.654411
5.658288
5.661910
5.665670
5.669110
5.672966
5.676851
5.680293
5.683991
5.687782
5.691649
5.695108
5.699000
5.702385
5.706487
5.709867
5.713836
5.717519
5.721208
5.724864
5.728824
5.732175
5.735973
5.739600
5.743555
5.747061
5.750937
5.754414
5.758588
5.761951
5.765618
5.769364
5.773010
5.776891
5.780388
5.784245
5.787624
5.791700
5.794988
5.799317
5.802489
5.806445
5.810207
5.813786
5.817759
5.821112
5.825035
5.828619
5.832323
5.836039
5.839718
5.843458
5.847045
5.850754
5.854603
5.858307
5.861723
5.865566
5.869234
5.872917
5.876623
5.880258
5.883811
5.887764
5.891289
5.894890
5.898765
5.902348
5.906122
5.909923
5.913353
5.917411
5.921039
5.924842
5.928387
5.932057
5.935765
5.939419
5.943084
5.947033
5.950347
5.954129
5.958011
5.961553
5.965326
5.968914
5.972761
5.976393
5.980331
5.983945
5.987773
5.991192
5.995018
5.998514
6.002533
6.006037
6.009845
6.013594
6.017153
6.020954
6.025272
6.029814
6.034945
6.039873
6.044410
6.048477
6.052512
6.056979
6.060955
6.065503
6.069395
6.073374
6.077574
6.081824
6.086108
6.090027
6.093529
6.097446
6.100963
6.104959
6.108434
6.112184
6.115786
6.119494
6.123204
6.126964
6.130707
6.134291
6.137990
6.141463
6.145387
6.148908
6.152622
6.156330
6.160080
6.163746
6.167427
6.171101
6.174718
6.178429
6.182121
6.185858
6.189472
6.193173
6.196852
6.200550
6.204154
6.207787
6.211492
6.214946
6.219046
6.222203
6.226337
6.229639
6.233396
6.236987
6.240753
6.244470
6.248331
6.251953
6.255554
6.259288
6.262844
6.266582
6.270217
6.274107
6.277701
6.281505
6.284956
6.288899
6.292424
6.296073
6.299934
6.303464
6.307228
6.310865
6.314725
6.318000
6.322127
6.325511
6.329382
6.333042
6.336769
6.340503
6.344170
6.348146
6.351534
6.355292
6.358928
6.362644
6.366410
6.369803
6.373824
6.377135
6.381257
6.384877
6.388551
6.392139
6.395961
6.399605
6.403429
6.407111
6.410880
6.414447
6.418097
6.421707
6.425353
6.429213
6.432737
6.436489
6.440209
6.443954
6.447588
6.450864
6.454899
6.458369
6.462304
6.466073
6.469750
6.473719
6.477099
6.481092
6.484439
6.487962
6.491942
6.495417
6.499182
6.503112
6.506679
6.510350
6.514022
6.517659
6.521247
6.524937
6.528724
6.532467
6.536051
6.539772
6.543522
6.547134
6.550923
6.554518
6.558154
6.561981
6.565358
6.569399
6.572652
6.576697
6.579955
6.584012
6.587348
6.591065
6.594988
6.598449
6.602362
6.606075
6.609881
6.613314
6.617127
6.620630
6.624524
6.628044
6.631809
6.635370
6.638851
6.642824
6.646364
6.650099
6.653789
6.657550
6.661214
6.665029
6.668531
6.672302
6.675890
6.679661
6.682987
6.687113
6.690581
6.694464
6.698038
6.701817
6.705391
6.709055
6.712808
6.716380
6.720211
6.723840
6.727766
6.731247
6.735036
6.738613
6.742381
6.746034
6.749739
6.753494
6.757101
6.761114
6.764443
6.768530
6.772003
6.776328
6.780329
6.784801
6.788506
6.792835
6.796956
6.802348
6.806411
6.810974
6.815356
6.820418
6.825439
6.829972
6.833811
6.837957
6.841513
6.845393
6.848937
6.852611
6.856270
6.859995
6.863756
6.867359
6.871111
6.874465
6.878598
6.882007
6.885954
6.889641
6.893406
6.897012
6.901000
6.904180
6.908369
6.911595
6.915667
6.919016
6.922875
6.926423
6.930029
6.933937
6.937468
6.941306
6.944872
6.948911
6.952465
6.956143
6.959786
6.963440
6.967223
6.970760
6.974609
6.977959
6.981841
6.985586
6.989263
6.993084
6.996661
7.000665
7.004315
7.008020
7.011569
7.015430
7.019034
7.022741
7.026636
7.030156
7.034132
7.037676
7.041514
7.044886
7.048962
7.052102
7.056026
7.059841
7.063409
7.067275
7.070896
7.074822
7.078122
7.082039
7.085602
7.089035
7.093006
7.096461
7.100252
7.103652
7.107580
7.111220
7.115054
7.118696
7.122487
7.126102
7.129642
7.133398
7.137085
7.140713
7.144540
7.148112
7.151829
7.155406
7.159124
7.162857
7.166672
7.170225
7.174052
7.177603
7.181327
7.185084
7.188715
7.192496
7.196223
7.199720
7.203730
7.207412
7.210932
7.214663
7.218563
7.221906
7.225799
7.229177
7.232943
7.236790
7.240489
7.244212
7.247942
7.251596
7.255307
7.258821
7.262624
7.266293
7.270108
7.273657
7.277681
7.281067
7.284788
7.288390
7.292033
7.295721
7.299380
7.303171
7.306754
7.310647
7.314033
7.317793
7.321426
7.325151
7.328846
7.332372
7.336377
7.339824
7.343530
7.347379
7.350948
7.354825
7.358117
7.362113
7.365545
7.369525
7.372870
7.376721
7.380272
7.384015
7.387634
7.391185
7.394975
7.398474
7.402198
7.406006
7.409675
7.413349
7.417068
7.421406
7.424890
7.428775
7.432208
7.436132
7.439641
7.443583
7.447129
7.451002
7.454552
7.458367
7.462006
7.465457
7.469359
7.472777
7.476860
7.480216
7.484194
7.487785
7.491511
7.495265
7.498922
7.502929
7.506303
7.510132
7.513787
7.517767
7.521423
7.525738
7.529848
7.535145
7.539437
7.543874
7.547807
7.551754
7.555644
7.560637
7.565094
7.569259
7.574253
7.578807
7.582844
7.586479
7.590203
7.593836
7.597574
7.601158
7.604949
7.608562
7.612312
7.616048
7.619830
7.623279
7.627158
7.630527
7.634512
7.638044
7.641738
7.645708
7.649359
7.653054
7.656761
7.660537
7.664030
7.667689
7.671292
7.675232
7.678898
7.682635
7.686546
7.689927
7.694097
7.697503
7.701165
7.704798
7.708494
7.712367
7.715835
7.719888
7.723257
7.727146
7.730594
7.734686
7.737797
7.741944
7.745404
7.749369
7.752905
7.756691
7.760352
7.763693
7.767610
7.771076
7.775149
7.778810
7.782596
7.786317
7.789986
7.793380
7.797358
7.801005
7.804608
7.808348
7.812213
7.815902
7.819583
7.823582
7.827176
7.831015
7.834476
7.838654
7.842239
7.846234
7.849558
7.853571
7.856870
7.861008
7.864496
7.868302
7.871819
7.875710
7.879527
7.882970
7.886902
7.890212
7.894510
7.897749
7.901781
7.905132
7.909048
7.912466
7.916174
7.920081
7.923472
7.927276
7.931173
7.934576
7.938396
7.942086
7.945793
7.949546
7.953364
7.956740
7.960801
7.964304
7.968050
7.971708
7.975842
7.979827
7.983959
7.987920
7.991883
7.995619
7.999612
8.003162
8.006841
8.010629
8.014501
8.018139
8.021989
8.025471
8.029442
8.033180
8.036563
8.040294
8.043948
8.048092
8.051355
8.055466
8.058951
8.062771
8.066145
8.070228
8.073540
8.077620
8.080991
8.084934
8.088496
8.092364
8.095933
8.099751
8.103341
8.107134
8.110608
8.114531
8.118042
8.121681
8.125405
8.129150
8.132848
8.136460
8.140167
8.143699
8.147430
8.151176
8.155032
8.158743
8.162470
8.166019
8.169858
8.173670
8.177641
8.181318
8.185587
8.189156
8.193235
8.196968
8.200723
8.204183
8.207976
8.211518
8.215495
8.219000
8.222746
8.226273
8.230192
8.233747
8.237437
8.241358
8.244934
8.248865
8.252297
8.256172
8.259714
8.263519
8.267120
8.270743
8.274861
8.279402
8.284351
8.289192
8.293503
8.297800
8.301350
8.305888
8.310092
8.314644
8.318239
8.323147
8.327920
8.332635
8.336262
8.340180
8.343847
8.347579
8.351237
8.354957
8.358695
8.362341
8.366025
8.369709
8.373381
8.376906
8.380869
8.384386
8.388217
8.391486
8.395566
8.399034
8.403006
8.406403
8.410293
8.413754
8.417365
8.421200
8.424855
8.428495
8.432365
8.435839
8.439652
8.443283
8.447127
8.450553
8.454244
8.458022
8.461616
8.465571
8.469059
8.473255
8.476614
8.480542
8.484029
8.487720
8.491152
8.495074
8.498609
8.502673
8.505967
8.509973
8.513333
8.517356
8.520871
8.524499
8.528258
8.531767
8.535751
8.539264
8.543046
8.546516
8.550611
8.553997
8.558084
8.561393
8.565422
8.568909
8.572358
8.576278
8.579741
8.583678
8.587306
8.591011
8.594743
8.598370
8.602086
8.605758
8.609318
8.613330
8.616813
8.620647
8.624393
8.628228
8.631860
8.635650
8.639196
8.642796
8.646507
8.650201
8.653932
8.657398
8.661383
8.665036
8.668551
8.672211
8.675923
8.679552
8.683355
8.686907
8.690772
8.694203
8.698105
8.701792
8.705661
8.709133
8.712958
8.716524
8.720524
8.723797
8.727783
8.731649
8.735319
8.739078
8.742703
8.746542
8.750020
8.753737
8.757296
8.760998
8.764748
8.768488
8.772270
8.775851
8.779563
8.783124
8.786834
8.790529
8.794172
8.797843
8.801524
8.805269
8.808882
8.812678
8.816299
8.820060
8.823787
8.827489
8.831302
8.834876
8.838617
8.842361
8.846043
8.849596
8.853272
8.856992
8.860491
8.864120
8.867919
8.871486
8.875375
8.878928
8.882623
8.886296
8.890053
8.893627
8.897604
8.901124
8.904824
8.908477
8.912183
8.915867
8.919563
8.923229
8.927051
8.930535
8.934357
8.938017
8.941674
8.945196
8.949246
8.952521
8.956377
8.959899
8.963769
8.967470
8.971086
8.974785
8.978408
8.982181
8.985886
8.989547
8.993135
8.996888
9.000352
9.004360
9.007916
9.011690
9.015399
9.019059
9.023197
9.027481
9.032186
9.036933
9.041015
9.045764
9.050865
9.055575
9.059653
9.064685
9.068879
9.073228
9.077210
9.081123
9.084979
9.088601
9.092293
9.095946
9.099826
9.103244
9.107107
9.110600
9.114438
9.118115
9.121680
9.125635
9.129102
9.132851
9.136342
9.140221
9.143565
9.147453
9.150958
9.154635
9.158223
9.161935
9.165765
9.169418
9.173088
9.176648
9.180448
9.184187
9.187873
9.191644
9.195036
9.198861
9.202466
9.206166
9.209821
9.213538
9.217234
9.220726
9.224617
9.228068
9.231915
9.235477
9.239387
9.242987
9.246496
9.250307
9.253693
9.257655
9.261235
9.264846
9.268749
9.272206
9.275831
9.279466
9.283264
9.287391
9.291270
9.294665
9.298672
9.302174
9.305909
9.309370
9.313056
9.316776
9.320235
9.324130
9.327603
9.331556
9.335091
9.339002
9.342449
9.346140
9.349830
9.353665
9.357181
9.361241
9.364783
9.368396
9.372119
9.375893
9.379640
9.383073
9.386821
9.390503
9.394266
9.398017
9.401719
9.405342
9.408874
9.412965
9.416465
9.420349
9.423675
9.427673
9.431116
9.434800
9.438545
9.442083
9.445871
9.449441
9.453226
9.456798
9.460446
9.464212
9.467915
9.471594
9.474860
9.479006
9.482522
9.486248
9.489734
9.493615
9.497067
9.500810
9.504552
9.508259
9.511875
9.515513
9.519258
9.522978
9.526691
9.530427
9.534136
9.537731
9.541323
9.545041
9.548852
9.552452
9.556049
9.559920
9.563284
9.567475
9.570812
9.574799
9.578099
9.582103
9.585581
9.589384
9.593101
9.596720
9.600443
9.603947
9.607897
9.611481
9.615440
9.619196
9.622963
9.626568
9.630443
9.634062
9.637791
9.641477
9.645080
9.649007
9.652604
9.656232
9.660099
9.663526
9.667470
9.671042
9.674869
9.678565
9.682308
9.685837
9.689746
9.693344
9.697116
9.700719
9.704751
9.708271
9.711874
9.715689
9.719336
9.722991
9.726922
9.730483
9.734354
9.737752
9.741636
9.745008
9.748800
9.752348
9.756132
9.760015
9.763605
9.767513
9.771005
9.775431
9.779937
9.784587
9.788833
9.793047
9.797368
9.801992
9.807701
9.812255
9.817396
9.821835
9.826719
9.830524
9.834390
9.838066
9.841685
9.845217
9.848860
9.852702
9.856296
9.860173
9.863902
9.867607
9.871483
9.874977
9.878681
9.882319
9.885950
9.889543
9.893499
9.897031
9.900751
9.904619
9.908332
9.911848
9.915522
9.919403
9.922927
9.926844
9.930667
9.934302
9.938019
9.941763
9.945239
9.948970
9.952736
9.956454
9.960020
9.963813
9.967575
9.971202
9.974905
9.978687
9.982135
9.986018
9.989633
9.993271
9.996924
10.000854
10.004112
10.008262
10.011685
10.015512
10.019144
10.022757
10.026703
10.030058
10.034104
10.037642
10.041362
10.044632
10.048802
10.052172
10.056031
10.059516
10.063293
10.066954
10.070542
10.074319
10.077954
10.081480
10.085303
10.088928
10.092623
10.096325
10.100220
10.103819
10.107644
10.111242
10.114760
10.118697
10.122166
10.126136
10.129332
10.133400
10.136975
10.140847
10.144440
10.148162
10.151578
10.155594
10.158717
10.162795
10.166164
10.170032
10.173476
10.177538
10.180957
10.184938
10.188291
10.192149
10.195670
10.199649
10.203057
10.206878
10.210518
10.214095
10.217884
10.221474
10.225163
10.228625
10.232463
10.236156
10.239858
10.243588
10.247321
10.250958
10.254347
10.258190
10.261727
10.265698
10.269006
10.273086
10.276386
10.280462
10.283677
10.287831
10.290973
10.295146
10.298385
10.302453
10.305987
10.309765
10.313239
10.317310
10.320828
10.324412
10.327987
10.331866
10.335354
10.339139
10.342681
10.346528
10.350094
10.353810
10.357556
10.361267
10.364925
10.368590
10.372344
10.375902
10.379525
10.383257
10.387090
10.390699
10.394293
10.398196
10.401799
10.405633
10.408957
10.412864
10.416390
10.420233
10.423556
10.427543
10.431097
10.434843
10.438398
10.442231
10.445726
10.449292
10.453141
10.456799
10.460739
10.464136
10.467762
10.471419
10.474992
10.478728
10.482495
10.486365
10.489853
10.493732
10.497164
10.500722
10.504516
10.508134
10.511987
10.515773
10.519728
10.524108
10.528859
10.532954
10.537622
10.542311
10.547007
10.551063
10.555918
10.561119
10.565723
10.570372
10.574136
10.578430
10.581972
10.585987
10.589448
10.593407
10.597110
10.600679
10.604337
10.607982
10.611771
10.615309
10.619339
10.622930
10.626771
10.630242
10.633917
10.637510
10.641085
10.644929
10.648408
10.652282
10.655830
10.659717
10.663461
10.666943
10.670771
10.674356
10.678177
10.681799
10.685538
10.688830
10.692945
10.696112
10.700289
10.703761
10.707467
10.710977
10.714854
10.718657
10.722060
10.725835
10.729408
10.733322
10.737010
10.740604
10.744160
10.747753
10.751549
10.755179
10.758883
10.762471
10.766395
10.770086
10.773708
10.777360
10.781100
10.784736
10.788524
10.792208
10.795996
10.799562
10.803133
10.806848
10.810410
10.814138
10.817797
10.821545
10.825295
10.828942
10.832585
10.836111
10.840032
10.843497
10.846982
10.850949
10.854477
10.858263
10.861872
10.865619
10.869213
10.872979
10.876696
10.880401
10.884208
10.887910
10.891605
10.895328
10.898998
10.902569
10.906370
10.909933
10.913654
10.917295
10.920959
10.924718
10.928386
10.932094
10.935918
10.939393
10.943039
10.946959
10.950895
10.954372
10.958308
10.961979
10.965637
10.969204
10.972882
10.976550
10.980273
10.984006
10.987640
10.991532
10.995031
10.998831
11.002356
11.006263
11.009737
11.013589
11.017140
11.020922
11.024641
11.028275
11.031982
11.035778
11.039429
11.043155
11.046685
11.050502
11.054125
11.057720
11.061323
11.065029
11.068703
11.072448
11.076176
11.079813
11.083558
11.087197
11.090817
11.094619
11.098159
11.101972
11.105532
11.109380
11.112943
11.116737
11.120379
11.123898
11.127809
11.131391
11.135183
11.138781
11.142727
11.146204
11.150049
11.153455
11.157466
11.161091
11.164766
11.168464
11.172190
11.175932
11.179686
11.183335
11.187090
11.190849
11.194509
11.198198
11.201860
11.205574
11.209126
11.212784
11.216663
11.220268
11.224085
11.227921
11.231682
11.235281
11.238843
11.242664
11.246008
11.250045
11.253341
11.257255
11.260880
11.264842
11.268217
11.273193
11.279232
11.284169
11.288951
11.293591
11.298011
11.302516
11.306444
11.310908
11.314745
11.318938
11.323104
11.327530
11.331694
11.335747
11.339301
11.343019
11.346722
11.350303
11.354027
11.357809
11.361474
11.365134
11.368809
11.372519
11.376299
11.379916
11.383603
11.387378
11.390920
11.394816
11.398408
11.402264
11.405875
11.409631
11.413176
11.416938
11.420745
11.424375
11.427920
11.431684
11.435293
11.439222
11.442746
11.446431
11.449935
11.453825
11.457307
11.461196
11.464998
11.468700
11.472340
11.475956
11.479666
11.483342
11.487314
11.490660
11.494497
11.498038
11.501743
11.505498
11.509153
11.513013
11.516509
11.520256
11.523748
11.527654
11.530954
11.534856
11.538448
11.542116
11.546080
11.549555
11.553298
11.556742
11.560677
11.564270
11.568145
11.571796
11.575489
11.579395
11.582732
11.586720
11.590136
11.594123
11.597251
11.601434
11.604795
11.608624
11.612387
11.615985
11.619760
11.623283
11.627160
11.630634
11.634332
11.638131
11.642042
11.645778
11.649661
11.653119
11.656762
11.660711
11.664332
11.668127
11.671642
11.675296
11.679227
11.682739
11.686283
11.689982
11.693753
11.697428
11.701121
11.704852
11.708463
11.712236
11.715743
11.719969
11.723269
11.727189
11.730747
11.734754
11.738432
11.742011
11.745699
11.749531
11.752938
11.756842
11.760495
11.764304
11.767682
11.771519
11.774980
11.778803
11.782478
11.786157
11.789764
11.793643
11.797291
11.800818
11.804747
11.808368
11.811928
11.815773
11.819494
11.823189
11.826803
11.830502
11.834072
11.837796
11.841522
11.845165
11.848801
11.852528
11.856480
11.859854
11.863665
11.867477
11.871099
11.874861
11.878467
11.882178
11.885894
11.889525
11.893293
11.896933
11.900647
11.904264
11.907635
11.911623
11.915166
11.918918
11.922697
11.926412
11.930105
11.933446
11.937263
11.940703
11.944735
11.948115
11.952081
11.955622
11.959492
11.962839
11.966671
11.970142
11.974063
11.977571
11.981419
11.984765
11.988912
11.992008
11.996325
11.999501
12.003673
12.006917
12.010654
12.014715
12.018515
12.023027
12.027481
12.031316
12.035824
12.040628
12.045086
12.049353
12.053998
12.058979
12.063588
12.067450
12.071884
12.075741
12.079913
12.083730
12.087722
12.091406
12.095177
12.098732
12.102318
12.106038
12.109627
12.113392
12.116815
12.120885
12.124534
12.128266
12.131832
12.135394
12.139290
12.142724
12.146622
12.149860
12.154012
12.157507
12.161465
12.165032
12.168829
12.172464
12.176173
12.179702
12.183468
12.187033
12.190723
12.194516
12.198355
12.201636
12.205679
12.209108
12.212910
12.216510
12.220330
12.224050
12.227866
12.231477
12.235407
12.238919
12.242801
12.246579
12.249862
12.254056
12.257372
12.261560
12.264897
12.268681
12.272297
12.276058
12.279822
12.283283
12.287027
12.290420
12.294532
12.298065
12.301923
12.305519
12.308908
12.312924
12.316460
12.320266
12.323673
12.327644
12.330999
12.334792
12.338531
12.342118
12.345935
12.349430
12.353526
12.357108
12.360606
12.364387
12.367949
12.371712
12.375383
12.379036
12.382853
12.386671
12.390137
12.393880
12.397419
12.401027
12.404830
12.408283
12.412395
12.416063
12.419690
12.423153
12.426985
12.430952
12.434324
12.438659
12.441982
12.446130
12.449329
12.453406
12.456518
12.460558
12.464086
12.467947
12.471668
12.475332
12.478931
12.482642
12.486289
12.489875
12.493673
12.497219
12.500971
12.504784
12.508198
12.511800
12.515687
12.519230
12.523002
12.526894
12.530440
12.534132
12.537808
12.541578
12.545081
12.548751
12.552298
12.556306
12.559835
12.563541
12.567194
12.570886
12.574398
12.578261
12.581985
12.585602
12.589133
12.592966
12.596496
12.600055
12.603791
12.607560
12.611406
12.614974
12.618655
12.622420
12.626030
12.629908
12.633467
12.637121
12.640861
12.644434
12.648446
12.651989
12.655872
12.659534
12.663210
12.666892
12.670734
12.674146
12.677917
12.681511
12.685229
12.689004
12.692556
12.696711
12.700047
12.703835
12.707084
12.711323
12.714562
12.718714
12.722101
12.725877
12.729693
12.733285
12.737195
12.740431
12.744642
12.747859
12.751839
12.755396
12.759283
12.762863
12.766590
12.770446
12.775012
12.780030
12.784405
12.789578
12.793532
12.798311
12.803076
12.807615
12.811998
12.816101
12.820260
12.824661
12.828390
12.832162
12.835783
12.839474
12.842972
12.847094
12.850548
12.854529
12.858057
12.861887
12.865348
12.868927
12.872877
12.876530
12.880154
12.883936
12.887333
12.891379
12.894507
12.898837
12.902013
12.906128
12.909516
12.913553
12.916910
12.920756
12.924314
12.928250
12.931732
12.935687
12.938861
12.942976
12.946368
12.950425
12.953926
12.957786
12.961231
12.964910
12.968617
12.972326
12.975990
12.979514
12.983429
12.987135
12.990706
12.994630
12.998151
13.002017
13.005462
13.009277
13.012903
13.016880
13.020279
13.024161
13.027693
13.031420
13.035199
13.038810
13.042423
13.045840
13.049786
13.053314
13.057143
13.060738
13.064468
13.068201
13.071836
13.075548
13.079025
13.082877
13.086381
13.090114
13.093783
13.097455
13.101019
13.104749
13.108304
13.112120
13.115632
13.119398
13.122991
13.126781
13.130491
13.133976
